2.731805777584171935e+01
2.820495439166944251e+01
3.082665277317163799e+01
2.405594503560231701e+01
2.270774518097773154e+01
2.510898819119314851e+01
2.760603338882831181e+01
2.789406345021335198e+01
2.650757220003309556e+01
2.375100992690047264e+01
2.212709559037028839e+01
2.904282424075504565e+01
2.846522573126654265e+01
2.617304501734457389e+01
2.813140050347659127e+01
2.617361942858442703e+01
2.803366872719367819e+01
2.591770356680090615e+01
2.243796313748745064e+01
2.504830417603454862e+01
2.582217181307805021e+01
2.804552655246028436e+01
2.692098071522903879e+01
2.566426116802169233e+01
2.853228903707253039e+01
2.549802579216294873e+01
2.480172799199837996e+01
2.319657124888684407e+01
2.851437810410287810e+01
2.720674623492725885e+01
2.793869669678889167e+01
2.700169692975875080e+01
2.601458997248371929e+01
2.445571829971671463e+01
2.759753369480422691e+01
2.323431781862574041e+01
2.505309031937144226e+01
2.733385826855792189e+01
2.771934126159230161e+01
2.385049164325654303e+01
2.530939139659538739e+01
2.545715922491871552e+01
1.921575092375221772e+01
2.805659839802371991e+01
2.644652910038139737e+01
2.392136284274232949e+01
2.514207708053414336e+01
2.454424549235388753e+01
2.419292456284363624e+01
2.573657793405861582e+01
2.764424701891139691e+01
2.192392367552028887e+01
2.238745738715049782e+01
2.492958516848587180e+01
2.377996939673713683e+01
2.614708141300745936e+01
2.668338178706039088e+01
2.351698240331951695e+01
2.587143634930770730e+01
2.550207131044876618e+01
2.661823382353541589e+01
2.556930122040809650e+01
2.708421400093321196e+01
2.121780291338938440e+01
2.178718224697960792e+01
2.730520612537381453e+01
2.825619512516029275e+01
2.397762993007518517e+01
2.340617596930484012e+01
2.449987995679761710e+01
2.577390201566526073e+01
2.274017647132723141e+01
2.405263629014822158e+01
2.495069484028861240e+01
2.615986310780398938e+01
2.298306588044713550e+01
2.624596931043134518e+01
2.616953020390300111e+01
2.559145936439539426e+01
2.629822803395043351e+01
2.277789375424950791e+01
2.926381508642335660e+01
2.611678826494816619e+01
1.990738346727091113e+01
2.636351523441745215e+01
2.442521718686630550e+01
2.744760016744655928e+01
2.742991597978156904e+01
2.504064738093947895e+01
2.482733379775969595e+01
2.917882854483002220e+01
2.266525462551343750e+01
2.403294756615504113e+01
2.530779302380443596e+01
2.923043193669153084e+01
2.474396526106499650e+01
2.919103640971478342e+01
2.335258525201544444e+01
2.485586943115833947e+01
2.469792608507718512e+01
2.474804314899363789e+01
1.978943950298909726e+01
2.332478370834149572e+01
2.386294049750455315e+01
2.170560345443233885e+01
2.104940166985461403e+01
2.354146964128370456e+01
2.473336822211343744e+01
2.745134262110134316e+01
2.534775304689786424e+01
2.568159686176838008e+01
2.773162878394180453e+01
2.439638737660088808e+01
2.769560902911241485e+01
2.296132929590678629e+01
2.435405682038421205e+01
2.863354495562147406e+01
2.951896035137799146e+01
2.340933268775690479e+01
2.123732720432931131e+01
2.924232726334554755e+01
2.623966228713695514e+01
2.738444331707390944e+01
2.640222435090025854e+01
2.784408503071158592e+01
2.743469961624987263e+01
2.176180045046713474e+01
2.181365532944623098e+01
1.990701444879334758e+01
2.018986266536022001e+01
2.343993329908947132e+01
2.504529254222458334e+01
2.580746102064857439e+01
2.440367922821243241e+01
2.371075651647456439e+01
3.222098864898989490e+01
2.159368957525029487e+01
2.095274214286698822e+01
2.855829049320420765e+01
2.430959757088733753e+01
2.534093156606804342e+01
2.500345977096426253e+01
2.598557846757716661e+01
2.468215086653580315e+01
2.690639428329752292e+01
2.826204304617226271e+01
2.326222056138832528e+01
2.239107333308872327e+01
2.497901923677373048e+01
2.764800148748359376e+01
2.683560496286789743e+01
3.068767168412182755e+01
2.342528713797005580e+01
2.523150945069573936e+01
2.707621869619729083e+01
2.856556049639237571e+01
2.057915609907738030e+01
2.643401099945080546e+01
2.775872683382680961e+01
2.266665315660487323e+01
2.530519574164477348e+01
2.518678781770172392e+01
2.529724914598635621e+01
2.881703747965784146e+01
2.619580693668842741e+01
2.504805959079058653e+01
2.157677383623233069e+01
2.717734626321364644e+01
2.231969070606730554e+01
2.725387711291622495e+01
2.429418209628141057e+01
2.778109421418725944e+01
2.596191548186724773e+01
2.534032890385703851e+01
2.798156717201105792e+01
2.616206025499707266e+01
2.646158103150196439e+01
2.260258295072535972e+01
2.303448142795243925e+01
2.744044689655683555e+01
2.218015709377925049e+01
2.598415252952563037e+01
2.584662334733364020e+01
2.423578126376277098e+01
2.689797683662605365e+01
2.353148489991295733e+01
2.278171204780958092e+01
2.766165317541920743e+01
2.363906264854165329e+01
2.886608135941166609e+01
2.768588308683908394e+01
2.390828025228827514e+01
2.107604034747442157e+01
2.812051870139001153e+01
2.711512310434877548e+01
2.310014264475999113e+01
2.791918764385207297e+01
2.522860087820081176e+01
2.287483292926518175e+01
2.790181244647682846e+01
2.767549442234818002e+01
2.314604075024629282e+01
2.217097493257139007e+01
2.660930927942258961e+01
2.733001971067584890e+01
2.742328358129886468e+01
2.278318607981356436e+01
2.596318148283029359e+01
2.666990101626512555e+01
2.323908972996876443e+01
2.211655547299858071e+01
2.671127851649903917e+01
2.816523617264314794e+01
2.566416484502071427e+01
2.402370843276229095e+01
2.630674327892896258e+01
2.654072600421506678e+01
2.832783905588770423e+01
2.738038504204387635e+01
2.391828895449780035e+01
2.310708570725165600e+01
2.339536282666144729e+01
2.661463286871320122e+01
2.281414126787389662e+01
2.476124230295500084e+01
2.179202166587066714e+01
2.344429055111913129e+01
3.038312154848952673e+01
2.782627033320483179e+01
2.156168088289648210e+01
2.573509707516623024e+01
2.499320590560500221e+01
2.474211083854178028e+01
2.319586225206277419e+01
2.186950766041842087e+01
2.793646446359929314e+01
2.578759328536740369e+01
2.399049048126692796e+01
2.540143255784490250e+01
2.195515504750851576e+01
2.883069788547478041e+01
2.683456413076523006e+01
2.650136575718808274e+01
2.182336654094504880e+01
2.565171344931536979e+01
2.607428967605985903e+01
2.773595433084241790e+01
2.838692286339338011e+01
2.007103114068510763e+01
2.939864019675039586e+01
2.428135071273545265e+01
2.666321599189891600e+01
2.451534995485888402e+01
2.567463801410358570e+01
2.590201306083236688e+01
2.418849195328805735e+01
2.526564956910998205e+01
2.777874028583221033e+01
2.831026124672566269e+01
2.678471326110374306e+01
2.785563897797862154e+01
2.641351438177523647e+01
2.567640735614573799e+01
2.465088996397068755e+01
2.772371502703574819e+01
2.612642732043808635e+01
2.485885597607498454e+01
2.949700660432370469e+01
2.072733769379901858e+01
2.586275091362485412e+01
2.540098607420169330e+01
2.591228798471431816e+01
2.352052245978785550e+01
2.378463272433076625e+01
2.318212822929312722e+01
2.467594525695016827e+01
2.434422451499083095e+01
2.625266495009972090e+01
2.793633760233893781e+01
2.497171739059224649e+01
2.468476393908414934e+01
2.638002110685031454e+01
2.348897010847744582e+01
2.844190785517666598e+01
2.502602635111649221e+01
2.542235296001810951e+01
2.654988143307847537e+01
2.485285835729093407e+01
2.773544734850181825e+01
2.654782363162949110e+01
2.840094470533859550e+01
2.783832340767737179e+01
2.603657744397924034e+01
2.692745063098375624e+01
2.471024857683683962e+01
2.427475557862750222e+01
2.890382790417415393e+01
2.641931296214423952e+01
2.423937981569242339e+01
2.207961411034391830e+01
2.655720184285216234e+01
2.431246747277752362e+01
2.621911006368851460e+01
2.570026414312503960e+01
2.074328828140290071e+01
2.383713087136766617e+01
2.309446774764413846e+01
2.679470046550079232e+01
3.007805259561754241e+01
2.108233161808475131e+01
2.589357163791555294e+01
2.807328999516751011e+01
2.417963181501437830e+01
2.745383166652184315e+01
2.719507214075908763e+01
2.557436179330241899e+01
2.652789045139776292e+01
2.683066821456409201e+01
2.718408552320639870e+01
2.511833987351459285e+01
2.808605340534269601e+01
2.561586755191734710e+01
2.264857752296099846e+01
2.467371641647206459e+01
2.335567839433246462e+01
3.094097723813036183e+01
2.014078130774100117e+01
1.996251617736425743e+01
2.686548020993723185e+01
2.562620495980624824e+01
2.769316217472866981e+01
2.839863093228446900e+01
2.610433916154649125e+01
2.581205967400269685e+01
2.299519660193503512e+01
3.023411803257652508e+01
2.335936900445911135e+01
2.601906356264143128e+01
2.779898822930450919e+01
2.321901794206577563e+01
2.923611483048804516e+01
2.460217456737496988e+01
2.968776004632910315e+01
2.566197099614684873e+01
2.651931705719202625e+01
2.697371455623729375e+01
2.626305363397126769e+01
2.582271408312790584e+01
2.990900733429663916e+01
2.210064846272899786e+01
2.293565584014026015e+01
2.440900496729167557e+01
2.678477014784213850e+01
2.373178314513213039e+01
2.219856908908089466e+01
2.343966219311895216e+01
2.480325498653911254e+01
2.317200078809847952e+01
2.688548377987821425e+01
2.472298694347719916e+01
2.155261726938579869e+01
2.432520447890065896e+01
2.060585944078372833e+01
2.376618974255131178e+01
2.756712637971994084e+01
2.871993277652441279e+01
2.474629403316527743e+01
2.284373994059726343e+01
2.429268590873481770e+01
2.408679527714848234e+01
2.556934831849526901e+01
2.638413853553461763e+01
2.733691814276380327e+01
2.277952819224229586e+01
2.470510411621095770e+01
2.687200685584116755e+01
2.498039582461377606e+01
2.357630071709747455e+01
2.656119661615312921e+01
2.689591267959398024e+01
2.425364013807109487e+01
1.852961915339888677e+01
2.217420265106183663e+01
2.199870541191545570e+01
2.491248825897620733e+01
2.606215044117831425e+01
2.186723470009490100e+01
2.359788040594870395e+01
2.771525493819616770e+01
2.335216448493707375e+01
2.644745980337274460e+01
2.088361972037222714e+01
2.219920394189154322e+01
2.359649513636036744e+01
2.492854128288692195e+01
2.646193448659320069e+01
2.523095020474253403e+01
2.333576922522187758e+01
2.780465623656468921e+01
2.575037637135037016e+01
2.439975797699514715e+01
2.368857873130583869e+01
2.153105976670226340e+01
2.057746502982435999e+01
2.155612409223731163e+01
2.391968642508480514e+01
2.076971054659944826e+01
2.806887203796136987e+01
2.541962839668217455e+01
2.321071714053641699e+01
2.830421106798829811e+01
2.576361401358813552e+01
2.236505411643295815e+01
2.603272715137028115e+01
2.574931791390820734e+01
2.770172652561288373e+01
2.312025225811259688e+01
2.677483550526543610e+01
2.945406618816021904e+01
2.563006523201187647e+01
2.260059632003899210e+01
2.532993523266289060e+01
2.654452275668609573e+01
2.493920543670728662e+01
2.397860725644392232e+01
2.785045007730156286e+01
2.599662767260842244e+01
2.587629784808367717e+01
2.841840339814294225e+01
2.600794189162250802e+01
2.445460015511257978e+01
2.161719037367651808e+01
2.640313057502502048e+01
2.684535035409281178e+01
2.554320553151569939e+01
2.229574883044266542e+01
2.219204033427807232e+01
2.809646327857603509e+01
2.671134717621107768e+01
2.185149950306897537e+01
2.258698371674834604e+01
2.713224759735624758e+01
2.486098268342023943e+01
2.873730162670186417e+01
2.479043589028959360e+01
2.527488819447744461e+01
2.534087324903524419e+01
2.789372929534201617e+01
3.010000107891219301e+01
2.697200017926634885e+01
2.425408387134972088e+01
2.274517150246118291e+01
2.620565292114500267e+01
2.556766591054896054e+01
2.608443944222692323e+01
2.519168347748355785e+01
2.498215646212748453e+01
2.964772751631883807e+01
2.604361607720852945e+01
2.799593805521038092e+01
2.669901467059695221e+01
2.487059467274799118e+01
2.206886122729314437e+01
2.379946976573921447e+01
2.837199386092189002e+01
2.534060569207262148e+01
2.781898828118585243e+01
2.813882832202286366e+01
2.222838923591923788e+01
2.287386882331790972e+01
2.376887329512079816e+01
2.538445945723818298e+01
2.734128049791814874e+01
2.239661637936498195e+01
2.525357426775781988e+01
2.631721414468722742e+01
2.825304209742267147e+01
2.893986508801301838e+01
2.329691770810429219e+01
2.857261958837133875e+01
2.470090774211999474e+01
2.574688803766537859e+01
2.573330796366987272e+01
2.742100116069795845e+01
2.300402985160521396e+01
2.656082995416052128e+01
2.131952994406498902e+01
2.823203007073544768e+01
2.377049995929677095e+01
2.553825046128244125e+01
2.629586163449388181e+01
2.202010487888413337e+01
2.540213204092498245e+01
2.769388302463114826e+01
2.540927235721210309e+01
2.257817919523749595e+01
2.784540942586275847e+01
2.307313789798713799e+01
2.405494723509450594e+01
2.162208818364664609e+01
3.168932834935382914e+01
2.602135395246459737e+01
2.352448058640630890e+01
2.621692488601211224e+01
2.531689170453883619e+01
2.409788111560885682e+01
2.521987403158723495e+01
2.864148561073742272e+01
2.619695255184517180e+01
2.118303032718173284e+01
2.351294924430948541e+01
2.401137799295325337e+01
2.797578957679136380e+01
2.723538555987260423e+01
2.729285867230286655e+01
2.380101968874990703e+01
2.462704465417322908e+01
2.526809236859196162e+01
2.697987022120756606e+01
2.596064668413746190e+01
2.163690120330406330e+01
2.926695246703157594e+01
2.713181693377599757e+01
2.421355125178798673e+01
2.778687216599255549e+01
2.457820780529289806e+01
2.854530001421565188e+01
2.461790796935860826e+01
2.533316097510323672e+01
2.372947061588954298e+01
2.752746923029204495e+01
1.991768757275079693e+01
2.237050347141151363e+01
2.526856590215565745e+01
2.455367918621111301e+01
2.351123220506401168e+01
2.347958328230234315e+01
2.241282328676117430e+01
2.629201374186648721e+01
2.659638599426693872e+01
2.348921143677704038e+01
2.567623071029444048e+01
2.942341873059952562e+01
2.309468948244908404e+01
2.650266130475180404e+01
2.168275526263501618e+01
2.298403618937726378e+01
3.195981713987403339e+01
2.547764387858343227e+01
2.790999584930233013e+01
2.401189542621160911e+01
2.382176723060722168e+01
2.453999165629865686e+01
1.997600095422426847e+01
2.981856350790689802e+01
3.056790685974404553e+01
2.574231740404065150e+01
2.309847054911149300e+01
2.486447876657717160e+01
2.040972964900335285e+01
2.120551720559207709e+01
1.912608653324085495e+01
2.686322096895931466e+01
2.595281062976299324e+01
2.547762328388118291e+01
2.556865285807526433e+01
2.477796413563036637e+01
2.288424656110029431e+01
2.452196973713697403e+01
2.381503386093050167e+01
2.889289672652617824e+01
2.371073121489295232e+01
2.653907354359226289e+01
2.686749959932517484e+01
2.547142973096493535e+01
2.459832369989563716e+01
3.115647127895707058e+01
2.711915235337587760e+01
2.742525458510883141e+01
2.966394943132744189e+01
2.319459936181737802e+01
2.871981073749869395e+01
2.453266555156682927e+01
2.815880408259800305e+01
2.373774818913523532e+01
2.450096166363304206e+01
2.381082812595706599e+01
2.604743686805376868e+01
2.552941512232812826e+01
2.542370090627821710e+01
2.758997967785771266e+01
2.487031176703493074e+01
2.453355292684402755e+01
2.357548748648789783e+01
2.929600286766212847e+01
2.614006787975008805e+01
2.597060923610830940e+01
2.952760682980589024e+01
2.539721275744919993e+01
2.705874167519012730e+01
2.704709188481106352e+01
2.501239869417800676e+01
2.780907289694171070e+01
2.337430754948289291e+01
2.474511055365799805e+01
2.236107748771803116e+01
2.179947281441345552e+01
2.622219527511344594e+01
2.097387697014587005e+01
2.048445361178630364e+01
2.497405120252575372e+01
2.630247942533554806e+01
2.272505006698770558e+01
2.437131273825168520e+01
2.962281614415202569e+01
2.808000397280047977e+01
2.360798577740521864e+01
2.457178807068166648e+01
2.860443796439012232e+01
2.765713416455954388e+01
2.359101796996836953e+01
2.721387623875266115e+01
2.746834830151126638e+01
2.373222219553795753e+01
2.514235405100407661e+01
2.803198583748335082e+01
2.935687388783891905e+01
3.142691598918947804e+01
2.802696138658816594e+01
2.758776222397226263e+01
2.244067403256278936e+01
2.463208914450112275e+01
2.382868777482947564e+01
2.553139461969087520e+01
2.708298281743936187e+01
2.281089123355826587e+01
2.393738307349555683e+01
2.331155672765698483e+01
2.406393162180207312e+01
2.652904826410393468e+01
2.616085835902769574e+01
2.575948222210420369e+01
1.769009571901078459e+01
2.651008045356022436e+01
3.086006891191513191e+01
2.568825317125225638e+01
2.407278756067665171e+01
2.634461378896856942e+01
2.151124236868106721e+01
2.351684562790180522e+01
2.292203011559698211e+01
2.563722066611198613e+01
2.613495105054051493e+01
2.500029329405296608e+01
2.482911519646747323e+01
2.563399853139481976e+01
1.998686336772851746e+01
2.300492524663978955e+01
2.832329404530583972e+01
2.611691346309063988e+01
3.135440459622379805e+01
2.547072327117109580e+01
2.597132063123975243e+01
2.674564153584040938e+01
2.235265290248008796e+01
2.754275565689390959e+01
2.689894534456046316e+01
2.585496681741415159e+01
2.478369762250483888e+01
2.694218089458917831e+01
2.529307763195311054e+01
2.925755108047288289e+01
2.655980748562305749e+01
2.764601753833179743e+01
2.789733966433250245e+01
2.513122475751596596e+01
2.900193632041665737e+01
2.817227757844386815e+01
2.556355230177284099e+01
2.339974118980047990e+01
2.707150569366626414e+01
2.692549060694224039e+01
2.673629880941398795e+01
2.868524861615831156e+01
2.464525113399412959e+01
2.812395090745248538e+01
2.808990434188429930e+01
2.677476349847702508e+01
2.241307893202378665e+01
2.853380603883220346e+01
2.638159740246873497e+01
2.810497933820277794e+01
2.735829797149652620e+01
2.507901954776845699e+01
2.606103319253106676e+01
2.761210594272886354e+01
2.683753155750382291e+01
2.715659997462115172e+01
2.247326950325401285e+01
2.254939128552766903e+01
2.722134241668100074e+01
2.455299802606105075e+01
2.508111050062350955e+01
2.787744892302156074e+01
2.084171934150149141e+01
2.938530264191589936e+01
2.005761212641204239e+01
2.772417772511211709e+01
2.056985902863219806e+01
2.535610831732631354e+01
2.151707518376222694e+01
2.643272825914201363e+01
2.719684688599710753e+01
2.565779194054450585e+01
2.231004781289713890e+01
2.684612524675785039e+01
2.458493554878430842e+01
2.604764054207425161e+01
3.372347021327003347e+01
2.967531260118360592e+01
2.334027818176045699e+01
2.360605063073225551e+01
2.460786263065943302e+01
2.430116913025543823e+01
2.629991244553612262e+01
2.253268076726960345e+01
2.746536401576727471e+01
2.310324569675132267e+01
2.719207554479424971e+01
2.586405976739250789e+01
2.259315427723276315e+01
2.501009642381717057e+01
2.363449675869790312e+01
2.656644507763814644e+01
2.610934791933234678e+01
2.928759140766335278e+01
2.483821888749898577e+01
2.663490655875081359e+01
2.047623253670047561e+01
2.313169289402446793e+01
2.794347682713144820e+01
2.877452033357180028e+01
2.594868350440098936e+01
2.327274467412436465e+01
2.707455846747416572e+01
2.829285082741731117e+01
2.509484710657952888e+01
2.373665613142135555e+01
2.112800707474086437e+01
2.660961104419104117e+01
2.801677881000721015e+01
2.744912696123381579e+01
2.366780967320790552e+01
2.403402141479550735e+01
3.220580607042962384e+01
2.379361258720890149e+01
2.516795406750545894e+01
2.875520584416518588e+01
3.130659322079402429e+01
2.375593537751672457e+01
3.032926205139547804e+01
2.980876531090025594e+01
2.715557118830120586e+01
2.466343499724681010e+01
2.865362600549317307e+01
2.492121827725890526e+01
2.161684759322886151e+01
2.429352482268895486e+01
2.458919501371229899e+01
2.517676618593716853e+01
2.868568580690110537e+01
2.708106452265895214e+01
2.446104843446460464e+01
2.092007975355931038e+01
2.536881135819820443e+01
2.358050316277260450e+01
2.494750455742660122e+01
2.129322677878028003e+01
2.685619483622424397e+01
2.591983403252353213e+01
2.230163406301978313e+01
2.233547215563566368e+01
2.456551613666235667e+01
2.124719265363994225e+01
2.618939044197447430e+01
2.415171610927139767e+01
2.301972815851021181e+01
3.039629494388669784e+01
1.814305313342184078e+01
2.638112283860407103e+01
2.607466980706946558e+01
2.264923711176448506e+01
2.991843331176855614e+01
2.155165693517280801e+01
2.444097470889052204e+01
2.438550463675882796e+01
2.643415660824003410e+01
2.114956781423210685e+01
2.365455907675936587e+01
2.666937968254785574e+01
2.806999057802812914e+01
2.940628250137434918e+01
2.953731432294224390e+01
2.563821989312475225e+01
2.644700641515732897e+01
2.723009641979618678e+01
2.248834185247293505e+01
2.430101361324086895e+01
2.481900909822265433e+01
2.668859378575126229e+01
2.386938666510841855e+01
2.207531209356018564e+01
2.153630551483359667e+01
2.063493901642658557e+01
2.490187916448598671e+01
2.773469261694628329e+01
2.051824266773326144e+01
2.638344380372873488e+01
2.596867377325790827e+01
2.354806555848983152e+01
2.571866463025915905e+01
2.373845603171067253e+01
2.220511869094639579e+01
2.710210855868222168e+01
2.569202045311008575e+01
2.553746321666286789e+01
2.643792023379036848e+01
2.687564568518175889e+01
2.540978217637452730e+01
2.144612334303697310e+01
2.385547464961080166e+01
2.440595062839371820e+01
2.220834597570584279e+01
2.804270225669839789e+01
3.007330003812277397e+01
2.550424577085435018e+01
2.299720605744875357e+01
2.002797109248148644e+01
2.168664310636710368e+01
2.661747096328200257e+01
2.367448873412563159e+01
2.499189997672584695e+01
2.048541929802532735e+01
2.763635988582836234e+01
2.437707173103074254e+01
2.478881386617219462e+01
2.943949120103463102e+01
2.293294752630814060e+01
2.790260013716205734e+01
2.729163734895118054e+01
2.888099905603096573e+01
2.423747465371074128e+01
2.733761137572688327e+01
2.767493079413454637e+01
2.239117094242854122e+01
2.779067152045772460e+01
2.031153688846383787e+01
2.572407782223216088e+01
2.716449481891889661e+01
2.581300192181733877e+01
2.036883305458236038e+01
2.845109493582689453e+01
2.343948583402141850e+01
2.375470227822652447e+01
2.330577008095083258e+01
2.769338759730772992e+01
2.507446960906505495e+01
3.017877277658480750e+01
2.554169867035675878e+01
2.553496006460799705e+01
2.475674185812528805e+01
2.606802720304497711e+01
2.640162260371574732e+01
2.555536112945639715e+01
2.539716749729984713e+01
2.741320208130461467e+01
2.721725747621041336e+01
2.449975218096916407e+01
2.370405058028854484e+01
2.860503666030687597e+01
2.625956657939664751e+01
2.441971662030395152e+01
2.649856430994482892e+01
2.625057619283886723e+01
2.452319561299546535e+01
2.974084095446933773e+01
2.501416181343320488e+01
2.914928762298217180e+01
2.584846551273608739e+01
2.338801586393643106e+01
2.637495992557142799e+01
2.796222293664699166e+01
2.456997194857450850e+01
2.428113541829632993e+01
2.582631739158626161e+01
2.834029541078799497e+01
2.329265955023607049e+01
2.414736134791203170e+01
2.348206017491722974e+01
2.274417397811807007e+01
2.643573474111538957e+01
2.570019413841012579e+01
2.562619164457318988e+01
2.713200729172977788e+01
2.425424227370615071e+01
2.647706951801659159e+01
2.369867488711713222e+01
2.936359366489749334e+01
2.292100545762193420e+01
2.814249464536008105e+01
2.574453009112485447e+01
2.320598226855430468e+01
2.901468268949424001e+01
2.481612355709226847e+01
2.213571994837689516e+01
2.423445401927376253e+01
2.182987945858415202e+01
2.622297279555207794e+01
2.671760910506303688e+01
2.754833718304828949e+01
2.413613331810040208e+01
2.438107116726932233e+01
2.589905784173722125e+01
2.421554417412907867e+01
2.684224865167283625e+01
2.636962234262544413e+01
2.692661470865802897e+01
2.590117130331197259e+01
2.949629553293922868e+01
2.538029624549485419e+01
2.499136207241765462e+01
2.740471842012130566e+01
2.677763170514658597e+01
2.729635300669357534e+01
2.587997272883999855e+01
2.420151826424238095e+01
2.110868731363305173e+01
2.423128728840372048e+01
2.759336070114360950e+01
2.394132886584185727e+01
2.514683191490445680e+01
2.476936711364953680e+01
2.672652475075490131e+01
2.360816358974098250e+01
2.226892270898903448e+01
2.497991695027592485e+01
2.480645482082989162e+01
2.581750011685108603e+01
2.650928085846351578e+01
2.322463403606534627e+01
2.270028696279391411e+01
2.733422654146086472e+01
2.171772106101713362e+01
2.633760694899877564e+01
2.742408508573494785e+01
2.797685092962946385e+01
2.436991474193674989e+01
2.685094265699068217e+01
2.466646849322069457e+01
2.315340537437735335e+01
2.663866268002408333e+01
2.477991145684820395e+01
2.669594965016187160e+01
2.727135318899958705e+01
2.131006927852688193e+01
2.104986838622548007e+01
2.419150037130506448e+01
2.768289192146385247e+01
2.730178374247873663e+01
2.439737752858830788e+01
2.831751287204442491e+01
2.560436462374283551e+01
2.719547055485923082e+01
2.656140669511693631e+01
2.704029469980530109e+01
2.529263325144468766e+01
2.709272727699825012e+01
2.734146187653459847e+01
2.628721068823185902e+01
2.503967842924989995e+01
2.675609905825761814e+01
2.541618846672319165e+01
2.289982904708784872e+01
2.501345615884034146e+01
2.507058361099204902e+01
2.847941573797950099e+01
2.044002350626214692e+01
2.608717182077174002e+01
2.585222988913378117e+01
2.375492119952713921e+01
2.384482801317122025e+01
2.613931751635525558e+01
2.559548588657026968e+01
2.543514520673848622e+01
2.841334247098581400e+01
2.713395791563558745e+01
2.598515235544801172e+01
2.516489832628138856e+01
2.368768941496290381e+01
2.767319819013513538e+01
