103.2
98.8
98.9
97.9
101.7
95.4
103.5
98.5
100.6
99.5
102.9
95.9
99.4
99.2
102.3
97.8
99.7
98.2
100.1
101.2
97.8
102.3
101.8
101.0
101.8
98.6
99.8
98.1
99.5
101.1
98.6
99.2
98.6
98.3
98.7
100.0
97.8
100.5
103.3
101.5
99.6
98.2
98.5
103.4
100.1
98.7
100.4
104.2
100.2
101.2
100.6
99.3
97.7
99.3
99.6
101.2
101.7
101.9
100.6
101.8
98.5
102.5
101.0
99.4
101.0
99.8
102.3
103.0
104.4
97.2
97.1
99.0
100.3
101.8
100.6
96.0
99.4
101.7
100.5
101.5
99.6
99.6
100.4
100.8
100.4
100.2
98.7
100.8
100.2
102.3
102.4
100.4
99.2
98.7
100.8
100.2
99.3
100.1
98.8
101.4
99.1
102.4
100.8
101.2
97.8
100.3
101.5
98.1
99.5
100.1
97.3
100.6
101.7
98.3
100.7
97.4
99.9
96.8
102.2
100.8
100.0
98.4
102.5
103.9
96.3
102.5
103.3
100.7
97.6
101.7
99.6
98.8
97.5
101.1
101.6
98.8
101.0
97.7
101.6
100.1
99.6
99.8
101.7
101.5
101.1
100.3
100.2
101.2
100.5
101.4
99.4
95.1
102.1
104.4
100.9
99.8
99.7
99.8
100.0
97.8
99.0
98.0
100.5
99.4
101.0
99.7
102.0
100.4
104.4
96.2
98.7
101.8
105.1
99.5
100.1
99.5
102.7
99.4
101.4
99.4
97.5
100.6
101.0
102.6
99.8
98.8
101.1
100.5
100.6
99.9
102.3
100.7
103.8
102.2
101.3
96.7
101.2
100.8
101.6
102.1
99.2
101.6
98.9
103.9
97.3
96.5
96.7
98.2
97.8
103.9
99.3
97.3
102.2
98.8
97.5
101.8
101.2
99.1
102.8
100.3
103.2
101.0
103.1
100.2
97.6
104.9
98.9
99.6
98.6
99.6
100.5
100.4
101.3
103.6
99.8
97.5
97.6
98.7
96.7
101.7
99.0
99.4
100.0
97.2
98.3
101.3
101.2
99.1
103.6
97.4
99.3
99.5
94.4
103.9
100.7
97.9
104.1
101.2
100.9
98.8
100.2
96.9
101.6
99.3
100.3
102.4
100.6
100.5
100.6
98.5
101.7
103.1
101.5
101.8
98.2
98.3
97.1
102.5
99.5
102.8
98.4
99.1
100.2
101.8
100.1
100.4
100.0
100.4
97.8
100.2
99.6
99.9
101.0
98.6
99.8
99.4
100.8
101.6
98.1
101.2
104.1
97.1
98.3
98.2
99.4
103.2
100.0
98.6
101.2
98.8
102.2
100.6
102.8
98.7
106.1
101.6
101.3
99.9
98.5
98.3
99.7
98.4
100.6
98.3
101.2
101.9
98.6
102.4
99.5
102.3
100.9
102.2
98.0
99.8
102.9
98.8
95.9
96.1
95.0
95.8
99.2
102.6
99.1
100.6
99.8
100.0
99.7
99.7
100.9
97.6
102.0
101.8
99.6
101.6
98.6
98.9
100.3
99.6
99.1
98.7
98.9
101.9
96.1
100.7
99.5
101.5
101.0
94.4
101.2
100.6
100.0
99.1
101.7
99.2
103.7
101.1
104.3
98.4
96.5
101.4
101.7
100.1
96.9
99.1
101.2
99.6
99.8
99.6
98.1
98.9
97.1
103.5
99.0
101.0
98.0
101.6
96.3
101.8
99.9
104.2
97.4
100.2
100.7
102.5
99.2
100.2
95.7
98.3
100.9
102.2
99.4
104.1
103.5
99.9
95.2
96.4
98.4
102.2
100.6
95.8
99.5
103.2
99.3
98.5
104.1
100.1
99.0
100.7
100.0
99.1
102.4
102.2
101.7
99.8
102.3
99.9
100.9
102.1
101.6
103.6
100.9
96.6
97.7
102.7
99.3
100.8
98.3
102.0
99.2
102.9
98.9
102.2
101.3
98.6
102.2
98.2
98.4
101.4
98.7
98.8
99.3
98.0
102.1
101.2
99.9
99.8
100.9
103.5
101.7
99.0
101.6
99.8
99.6
103.7
99.2
99.0
96.1
97.2
100.9
98.6
101.0
97.8
98.5
101.3
102.9
101.2
102.4
103.4
102.1
98.2
99.8
101.3
99.2
100.9
96.8
98.3
101.1
95.5
97.8
100.0
96.6
100.1
98.4
99.4
99.5
100.4
98.9
100.2
98.8
101.1
103.4
100.4
100.3
97.7
101.4
98.5
98.4
101.1
100.4
102.2
102.9
98.9
100.3
103.5
101.9
101.4
102.6
98.8
101.3
102.8
103.2
98.4
99.5
100.8
99.4
99.2
101.4
99.3
96.4
100.7
99.2
98.5
96.9
102.0
95.5
96.6
99.4
102.5
102.6
97.7
99.6
97.0
102.0
97.0
99.7
102.1
99.6
102.9
98.3
100.7
101.7
99.7
102.8
101.1
96.7
107.9
101.3
100.2
97.2
100.2
99.1
101.3
100.7
103.7
100.3
101.0
100.7
99.7
99.6
102.2
101.6
98.7
97.8
99.9
102.3
99.9
103.5
98.4
100.3
95.0
98.8
99.4
101.0
103.4
100.1
102.9
101.3
102.0
99.1
102.8
97.9
101.0
98.1
99.0
97.1
99.0
100.7
99.9
97.3
102.9
100.7
102.0
101.6
98.7
96.1
98.2
102.5
97.9
101.6
98.8
100.8
96.4
102.3
99.9
101.8
100.4
101.6
99.8
101.5
97.0
97.8
101.5
99.9
99.5
99.6
101.0
98.8
101.0
98.2
99.2
102.0
102.1
97.8
101.7
97.9
101.5
96.2
97.8
99.0
99.7
102.8
101.8
103.2
102.4
99.4
99.5
102.1
100.1
99.7
97.3
99.8
94.4
99.1
98.0
101.4
99.0
99.3
102.7
97.9
100.6
96.2
100.2
100.8
101.7
98.2
100.6
100.6
100.0
100.3
100.9
100.8
98.0
97.6
105.0
103.8
97.2
100.9
101.3
101.5
100.3
98.1
99.6
99.0
100.3
99.5
99.7
102.0
102.5
97.6
99.1
98.4
102.4
99.9
102.9
99.0
100.1
97.3
102.6
99.3
97.0
98.8
95.4
99.9
100.2
100.6
103.0
99.4
101.6
100.6
99.6
95.8
101.9
99.0
100.0
97.5
100.6
100.2
100.1
99.7
102.1
101.9
101.5
106.6
98.8
99.2
98.0
100.9
98.6
94.6
97.6
100.1
102.0
96.9
98.8
99.7
98.5
101.1
100.0
100.6
98.5
103.1
100.0
102.6
99.1
101.2
98.6
98.1
98.6
99.9
99.6
103.1
97.7
97.8
103.4
101.2
96.2
101.0
100.5
95.7
99.3
100.0
101.5
101.9
100.2
102.1
99.7
98.3
98.1
101.1
96.1
101.4
97.8
99.3
101.0
102.4
96.1
98.4
100.1
98.8
101.7
95.8
100.7
100.9
100.1
102.2
97.5
102.2
98.6
101.5
99.4
101.6
101.6
97.1
99.7
99.8
99.5
98.5
103.7
100.4
103.1
98.9
97.9
100.3
98.9
104.8
100.5
102.3
99.6
99.3
99.9
100.7
101.7
99.8
98.6
97.9
99.8
101.1
100.9
100.0
98.8
100.3
101.1
99.9
100.2
99.7
101.8
99.1
100.4
100.8
101.5
103.0
101.4
101.2
97.1
101.2
104.6
98.3
98.0
99.6
102.0
101.0
99.0
99.9
102.1
101.3
104.9
102.0
100.7
101.2
99.3
98.0
100.3
101.0
97.2
99.0
99.3
100.5
99.5
100.9
100.2
102.1
96.6
103.3
102.8
100.1
101.3
101.2
98.5
100.3
101.6
100.6
102.1
100.2
100.2
98.5
99.3
99.1
103.4
100.5
98.0
100.8
99.6
93.9
101.0
96.9
101.2
98.1
97.1
101.0
97.0
99.1
100.4
101.2
101.5
99.9
98.3
103.8
98.8
103.6
99.1
102.3
102.1
97.9
100.7
101.5
101.4
99.6
100.6
99.2
97.7
102.0
98.9
102.8
101.2
98.2
99.7
99.4
98.3
101.0
99.0
103.3
101.7
98.2
100.0
99.5
96.9
101.9
101.9
101.9
99.1
102.1
99.6
101.9
103.6
100.3
97.2
99.4
101.3
102.4
97.7
99.6
100.5
100.9
101.8
98.1
99.2
102.0
100.8
100.9
102.3
100.2
101.1
99.4
97.3
97.4
100.1
99.6
98.7
100.6
98.2
100.2
100.0
98.3
95.4
102.9
100.6
94.7
99.1
100.8
99.5
101.2
98.1
100.4
99.9
99.6
99.6
100.4
101.9
98.9
99.2
100.3
99.8
100.8
101.4
102.6
99.8
95.4
99.9
100.7
99.6
99.7
95.1
101.0
99.4
97.0
98.3
98.3
101.2
101.1
103.0
101.3
97.3
97.2
102.3
103.1
99.5
101.1
97.0
96.1
97.7
99.3
99.0
99.5
99.0
101.4
102.9
100.1
104.1
98.7
98.9
100.8
99.3
102.4
98.7
102.6
100.4
105.1
99.1
99.6
100.3
95.6
101.2
101.0
100.2
96.9
96.9
101.2
102.4
103.2
98.2
97.9
99.5
96.0
98.8
101.7
103.3
100.6
103.3
100.8
100.4
99.7
100.4
99.5
99.7
98.7
100.5
100.0
97.0
99.5
98.3
95.9
101.0
103.1
104.7
103.1
98.3
102.4
102.2
96.0
101.7
101.3
100.3
100.6
100.1
103.3
99.2
99.6
100.0
100.6
96.5
102.8
100.5
101.1
100.4
99.6
99.3
100.2
100.3
102.3
100.7
99.7
104.0
97.4
97.3
100.7
99.6
96.5
99.4
98.6
102.3
98.8
102.1
100.9
99.6
100.0
100.9
95.4
100.7
99.2
103.6
98.6
102.3
95.0
101.6
100.6
99.5
99.8
99.5
100.8
99.7
96.4
99.6
104.5
100.1
100.6
99.1
100.3
100.4
99.5
101.7
98.2
99.7
101.0
99.5
97.6
101.1
98.0
99.1
98.3
99.8
99.1
99.1
101.4
103.5
99.3
101.0
99.3
100.2
102.3
100.1
98.4
98.5
98.8
100.0
101.7
97.3
97.9
98.2
96.5
102.7
99.9
103.8
97.2
102.6
98.6
99.2
98.0
98.1
97.4
100.4
97.4
99.5
100.0
101.3
100.2
100.6
101.0
100.0
100.7
98.0
98.4
103.8
100.0
98.6
102.8
99.7
98.7
97.1
101.6
97.8
98.9
101.3
100.4
99.8
99.6
102.3
104.5
98.9
101.1
103.9
102.2
98.6
99.1
98.8
98.2
98.8
100.5
98.8
101.8
100.2
99.2
101.8
100.6
100.5
102.1
101.1
99.8
101.9
100.6
105.8
102.2
102.3
102.6
100.2
102.6
100.0
98.3
98.9
101.1
96.9
100.4
98.5
101.4
98.5
103.7
101.5
97.5
103.5
99.5
98.5
98.0
101.1
103.0
98.8
98.0
97.7
103.0
103.3
99.3
101.1
100.0
99.9
101.9
100.9
100.7
99.4
101.6
99.4
100.1
100.4
97.6
99.4
99.4
100.2
97.8
97.6
103.2
102.3
101.8
103.6
100.8
99.8
101.0
96.2
97.8
101.5
100.1
97.4
101.3
102.0
101.3
99.9
98.3
100.2
100.9
99.3
101.2
100.6
100.7
95.9
102.2
103.4
99.2
97.0
101.3
99.1
98.1
102.4
97.2
101.4
97.5
102.9
101.0
99.5
100.3
101.2
101.7
101.7
101.1
99.0
101.3
97.4
102.0
101.7
102.8
98.8
100.4
101.7
100.6
99.1
100.6
100.1
102.0
98.7
100.7
100.6
101.5
99.9
100.3
99.9
100.1
100.0
99.3
105.7
98.3
97.7
98.4
98.6
100.0
102.9
103.4
100.5
95.0
100.8
97.4
99.0
97.7
100.9
98.7
101.5
101.0
99.5
100.2
101.8
99.3
101.8
100.0
100.5
101.6
102.7
101.0
100.1
101.4
96.9
103.3
97.3
101.8
98.9
101.0
99.8
100.6
98.4
95.7
100.8
98.8
98.7
98.5
104.0
98.8
100.7
97.7
103.0
98.9
94.8
105.4
97.8
102.6
101.5
101.3
99.5
100.4
102.4
99.4
100.5
101.9
100.2
99.2
102.9
100.7
99.7
98.4
98.0
101.8
101.9
95.7
98.8
101.9
104.8
104.3
101.9
102.7
98.9
101.5
97.5
98.9
100.6
104.3
101.5
100.5
99.7
97.4
101.2
99.3
100.5
98.2
100.2
96.9
101.0
102.6
101.8
104.2
100.6
101.0
101.0
98.2
104.3
102.0
99.5
98.2
101.2
101.7
100.3
100.4
99.6
100.0
102.7
102.8
97.0
100.3
97.6
97.3
101.2
98.3
93.7
101.3
102.6
104.1
99.2
102.9
94.8
97.9
101.0
100.9
102.6
101.9
99.8
103.1
101.4
103.4
98.4
100.6
99.1
101.6
99.6
99.5
97.3
100.6
102.2
102.0
94.0
96.8
104.0
99.6
99.7
102.3
100.4
98.7
99.6
103.8
97.2
