Runde;EINS;ZWEI;DREI;VIER;FUENF;SECHS
1;0;0;2;0;2;0
2;0;1;0;0;2;1
3;1;0;0;1;0;2
4;1;0;0;1;0;2
5;2;1;0;0;0;1
6;0;1;1;1;0;1
7;0;2;0;0;2;0
8;3;0;0;0;0;1
9;1;1;1;0;1;0
10;1;1;1;0;1;0
11;1;1;0;0;1;1
12;0;0;2;1;1;0
13;1;1;1;1;0;0
14;2;2;0;0;0;0
15;2;1;0;0;1;0
16;1;0;0;2;1;0
17;0;1;0;1;0;2
18;1;1;0;0;0;2
19;1;2;0;0;0;1
20;1;0;0;0;2;1
21;2;0;0;0;1;1
22;1;2;0;0;0;1
23;2;0;2;0;0;0
24;2;0;1;0;1;0
25;1;0;1;0;0;2
26;0;1;1;0;1;1
27;0;2;0;1;0;1
28;0;1;1;0;0;2
29;1;0;0;0;2;1
30;0;1;0;1;0;2
31;0;0;0;1;3;0
32;1;1;0;0;0;2
33;1;0;2;1;0;0
34;2;0;1;0;0;1
35;0;0;1;1;1;1
36;1;0;1;1;0;1
37;1;2;1;0;0;0
38;0;0;1;1;2;0
39;0;0;0;1;3;0
40;0;0;1;1;0;2
41;0;0;0;0;0;4
42;1;1;0;0;1;1
43;1;0;0;1;0;2
44;2;1;0;0;1;0
45;1;0;1;2;0;0
46;1;1;0;1;0;1
47;0;1;0;1;2;0
48;1;0;0;0;0;3
49;0;1;1;0;0;2
50;2;1;0;0;1;0
51;2;0;0;0;1;1
52;2;1;0;0;1;0
53;1;0;0;0;0;3
54;0;0;1;0;0;3
55;1;2;0;0;0;1
56;0;1;0;0;3;0
57;0;1;0;2;1;0
58;0;1;1;1;0;1
59;2;1;0;1;0;0
60;2;0;0;1;0;1
61;1;0;1;0;2;0
62;1;1;0;0;0;2
63;1;1;0;0;1;1
64;3;1;0;0;0;0
65;1;1;1;0;1;0
66;1;0;0;0;3;0
67;1;1;0;0;1;1
68;1;0;0;0;1;2
69;0;0;0;2;1;1
70;0;1;1;1;0;1
71;2;1;0;0;1;0
72;1;0;1;0;1;1
73;3;0;1;0;0;0
74;2;1;1;0;0;0
75;2;0;0;1;0;1
76;1;1;1;0;1;0
77;1;1;0;0;0;2
78;2;1;0;0;0;1
79;3;0;0;0;0;1
80;1;0;0;0;2;1
81;1;1;0;1;0;1
82;0;0;0;1;1;2
83;1;0;1;1;0;1
84;1;0;1;1;1;0
85;2;0;0;0;1;1
86;2;0;0;0;0;2
87;1;0;0;0;3;0
88;0;2;0;0;1;1
89;0;0;2;0;1;1
90;0;0;1;0;2;1
91;1;2;1;0;0;0
92;1;1;0;0;1;1
93;1;1;0;0;2;0
94;1;0;0;1;0;2
95;1;0;0;0;1;2
96;1;2;0;0;1;0
97;0;0;2;0;1;1
98;1;0;2;0;1;0
99;0;2;0;0;1;1
100;1;1;0;0;2;0
101;0;3;1;0;0;0
102;2;1;0;0;1;0
103;1;2;0;0;1;0
104;0;1;0;1;0;2
105;2;2;0;0;0;0
106;3;0;0;1;0;0
107;0;2;0;0;0;2
108;1;2;0;0;0;1
109;1;1;0;0;1;1
110;2;0;1;0;1;0
111;0;1;0;0;1;2
112;1;0;0;0;1;2
113;0;1;0;0;1;2
114;1;1;0;1;1;0
115;0;1;0;1;1;1
116;1;1;0;0;2;0
117;1;1;0;0;0;2
118;1;1;0;0;2;0
119;1;2;0;0;1;0
120;3;0;0;0;0;1
121;1;0;0;1;0;2
122;0;0;0;0;3;1
123;0;0;0;0;3;1
124;1;2;0;0;1;0
125;1;2;0;0;0;1
126;2;0;0;0;0;2
127;2;0;2;0;0;0
128;1;0;1;0;1;1
129;1;1;0;0;0;2
130;0;1;1;1;1;0
131;0;1;0;0;3;0
132;1;1;1;0;0;1
133;1;1;0;0;0;2
134;2;0;0;0;0;2
135;2;1;1;0;0;0
136;0;0;0;2;1;1
137;0;1;1;0;1;1
138;0;2;1;0;0;1
139;0;2;1;0;0;1
140;1;1;0;0;0;2
141;0;0;1;1;1;1
142;2;0;0;0;1;1
143;1;0;2;0;1;0
144;2;0;1;1;0;0
145;0;0;0;0;3;1
146;1;1;0;0;1;1
147;0;0;0;1;2;1
148;1;1;0;0;1;1
149;1;0;0;0;1;2
150;0;1;0;0;0;3
151;0;2;1;0;0;1
152;0;0;0;0;0;4
153;0;0;0;0;1;3
154;1;1;1;0;1;0
155;0;1;0;0;1;2
156;1;1;0;0;0;2
157;0;1;0;1;1;1
158;1;0;0;0;2;1
159;2;1;0;1;0;0
160;1;1;1;0;0;1
161;1;1;1;1;0;0
162;2;0;0;0;1;1
163;0;1;0;2;0;1
164;0;1;0;0;1;2
165;1;0;0;0;0;3
166;0;1;1;0;0;2
167;0;1;0;0;3;0
168;2;0;0;1;1;0
169;1;0;1;1;1;0
170;0;1;0;0;1;2
171;1;1;0;1;1;0
172;2;1;0;0;0;1
173;1;0;1;0;0;2
174;2;0;0;1;0;1
175;1;1;1;0;1;0
176;1;1;0;1;1;0
177;1;1;1;0;1;0
178;2;1;1;0;0;0
179;2;0;0;0;2;0
180;1;0;0;0;2;1
181;2;0;0;1;0;1
182;1;1;0;0;1;1
183;0;1;0;1;2;0
184;1;1;1;1;0;0
185;0;0;1;0;3;0
186;1;2;0;0;0;1
187;0;2;0;0;1;1
188;1;1;0;0;1;1
189;0;1;1;1;1;0
190;2;0;1;0;1;0
191;2;1;1;0;0;0
192;0;1;2;1;0;0
193;0;1;1;0;0;2
194;1;0;0;0;1;2
195;2;1;0;0;0;1
196;1;1;0;0;0;2
197;1;1;0;0;1;1
198;0;0;0;1;2;1
199;1;1;0;0;1;1
200;2;0;1;0;1;0
201;1;1;0;0;1;1
202;1;0;0;1;0;2
203;2;1;0;0;1;0
204;1;1;0;0;1;1
205;1;1;1;0;1;0
206;1;0;0;0;1;2
207;2;1;1;0;0;0
208;1;2;0;0;1;0
209;1;1;0;0;1;1
210;1;0;0;0;1;2
211;0;1;0;0;2;1
212;1;0;0;0;0;3
213;2;1;0;0;1;0
214;2;0;0;1;1;0
215;2;1;0;0;1;0
216;2;1;0;1;0;0
217;1;1;0;1;0;1
218;2;0;0;1;1;0
219;2;2;0;0;0;0
220;2;1;0;0;0;1
221;2;0;0;0;2;0
222;0;0;0;1;1;2
223;1;0;0;1;0;2
224;3;0;0;0;1;0
225;0;1;2;1;0;0
226;1;1;0;0;0;2
227;1;1;1;0;0;1
228;1;2;0;0;1;0
229;1;0;1;0;2;0
230;2;0;0;1;0;1
231;0;0;1;0;2;1
232;2;1;0;0;0;1
233;2;0;0;0;0;2
234;1;0;1;1;0;1
235;0;0;0;0;2;2
236;0;0;1;0;3;0
237;1;0;0;1;1;1
238;0;0;0;2;0;2
239;0;2;0;0;1;1
240;1;2;1;0;0;0
241;1;1;1;0;1;0
242;1;2;0;0;0;1
243;1;0;0;0;0;3
244;1;0;0;1;0;2
245;2;2;0;0;0;0
246;1;1;0;0;0;2
247;0;0;1;1;0;2
248;0;2;0;1;0;1
249;1;0;1;1;1;0
250;0;0;0;0;3;1
251;2;0;0;0;1;1
252;3;1;0;0;0;0
253;0;0;1;0;3;0
254;0;1;0;1;1;1
255;1;0;0;0;1;2
256;3;0;1;0;0;0
257;2;0;0;0;0;2
258;2;1;0;0;0;1
259;1;1;0;0;0;2
260;2;0;0;0;0;2
261;0;1;0;0;0;3
262;2;0;1;0;1;0
263;1;0;1;0;2;0
264;1;0;0;0;2;1
265;0;2;0;0;2;0
266;2;1;1;0;0;0
267;0;0;1;0;0;3
268;2;0;0;0;0;2
269;1;1;0;1;0;1
270;2;1;0;0;0;1
271;0;1;0;1;0;2
272;1;1;0;0;0;2
273;0;0;0;1;2;1
274;0;1;0;1;0;2
275;1;0;1;0;0;2
276;0;1;1;0;2;0
277;0;2;0;0;1;1
278;0;1;1;0;2;0
279;1;0;1;1;0;1
280;0;1;1;0;2;0
281;0;1;0;0;1;2
282;2;2;0;0;0;0
283;2;0;0;1;0;1
284;1;2;0;0;0;1
285;2;2;0;0;0;0
286;0;2;1;1;0;0
287;2;1;0;1;0;0
288;2;1;1;0;0;0
289;1;1;0;1;0;1
290;1;2;0;0;0;1
291;2;0;1;0;1;0
292;0;1;0;0;3;0
293;0;1;1;1;0;1
294;0;1;0;2;0;1
295;0;0;0;0;4;0
296;0;1;1;0;1;1
297;0;1;2;0;0;1
298;1;0;0;0;3;0
299;0;0;0;0;2;2
300;0;1;0;0;2;1
301;2;1;0;0;1;0
302;2;0;0;0;1;1
303;2;0;1;0;0;1
304;1;1;0;1;1;0
305;0;1;0;1;2;0
306;0;3;0;0;0;1
307;1;2;0;0;1;0
308;2;1;0;0;1;0
309;0;1;1;1;1;0
310;1;1;0;0;1;1
311;0;1;1;1;1;0
312;1;1;0;0;1;1
313;1;0;0;0;1;2
314;2;1;1;0;0;0
315;1;1;1;1;0;0
316;1;1;1;0;0;1
317;3;0;0;0;0;1
318;0;0;0;1;1;2
319;1;0;0;1;0;2
320;0;1;2;1;0;0
321;1;1;0;0;1;1
322;1;1;1;1;0;0
323;0;2;1;0;0;1
324;2;1;1;0;0;0
325;1;0;1;0;1;1
326;1;0;0;1;0;2
327;1;0;0;1;0;2
328;0;0;1;1;1;1
329;1;1;0;0;1;1
330;2;0;1;1;0;0
331;2;1;0;0;0;1
332;0;1;1;0;1;1
333;0;2;0;0;0;2
334;1;0;0;0;0;3
335;0;3;0;0;0;1
336;0;1;0;1;1;1
337;0;1;0;0;2;1
338;0;1;0;1;0;2
339;0;1;1;1;0;1
340;0;0;0;1;1;2
341;2;0;0;1;0;1
342;0;1;0;0;0;3
343;0;1;0;0;2;1
344;3;0;1;0;0;0
345;0;0;0;1;1;2
346;2;0;0;0;1;1
347;0;2;1;0;1;0
348;1;0;0;1;2;0
349;1;0;0;0;1;2
350;0;2;0;0;1;1
351;1;1;0;1;0;1
352;1;0;1;1;0;1
353;0;0;0;2;1;1
354;1;0;1;1;1;0
355;0;1;0;1;1;1
356;1;0;1;0;2;0
357;1;1;1;0;0;1
358;0;1;0;0;2;1
359;2;0;0;0;2;0
360;2;0;0;0;0;2
361;0;2;0;1;0;1
362;1;1;1;0;0;1
363;1;1;0;0;1;1
364;1;0;1;1;0;1
365;1;0;1;1;0;1
366;1;0;0;0;3;0
367;1;0;1;1;0;1
368;1;0;0;1;0;2
369;0;0;0;0;1;3
370;1;1;0;1;0;1
371;2;1;0;0;0;1
372;1;0;0;1;0;2
373;1;1;1;0;1;0
374;1;1;1;0;0;1
375;1;1;1;0;0;1
376;2;1;0;0;0;1
377;2;0;0;0;1;1
378;1;1;1;0;1;0
379;3;0;0;0;1;0
380;2;0;0;0;0;2
381;1;2;0;0;0;1
382;1;1;0;0;1;1
383;1;2;0;0;1;0
384;0;1;0;1;0;2
385;0;2;1;0;0;1
386;3;0;0;0;0;1
387;2;2;0;0;0;0
388;2;1;0;0;0;1
389;0;0;1;1;2;0
390;1;1;0;2;0;0
391;0;1;0;0;3;0
392;1;1;1;0;1;0
393;0;1;1;1;1;0
394;0;0;1;0;1;2
395;1;0;0;0;0;3
396;0;3;0;0;1;0
397;0;0;0;0;2;2
398;0;2;0;0;0;2
399;0;0;0;2;0;2
400;3;0;0;0;1;0
401;2;1;1;0;0;0
402;1;0;0;0;1;2
403;1;1;0;0;1;1
404;0;0;2;0;1;1
405;0;0;0;1;2;1
406;2;0;0;0;0;2
407;1;2;0;0;0;1
408;2;0;0;0;1;1
409;0;2;0;0;1;1
410;0;1;0;1;1;1
411;0;0;0;1;0;3
412;0;1;0;0;2;1
413;1;1;0;0;1;1
414;1;0;0;0;2;1
415;2;0;0;0;0;2
416;0;1;0;1;2;0
417;2;0;1;0;1;0
418;0;0;1;2;1;0
419;0;0;1;1;1;1
420;1;1;0;0;0;2
421;1;0;0;0;2;1
422;3;0;0;0;1;0
423;3;0;0;0;0;1
424;1;0;0;1;0;2
425;0;2;1;0;0;1
426;0;1;2;0;0;1
427;1;1;0;0;1;1
428;2;0;0;0;0;2
429;1;2;0;0;1;0
430;1;2;0;0;0;1
431;1;1;0;0;0;2
432;1;0;1;0;0;2
433;1;0;0;2;1;0
434;0;1;1;1;0;1
435;2;1;1;0;0;0
436;1;1;1;0;0;1
437;1;0;0;0;1;2
438;2;1;0;0;0;1
439;0;1;0;0;1;2
440;1;0;2;0;0;1
441;1;0;0;0;1;2
442;0;1;1;0;2;0
443;0;0;2;0;0;2
444;0;1;0;0;1;2
445;3;0;0;0;0;1
446;0;2;1;0;0;1
447;1;1;0;0;1;1
448;3;1;0;0;0;0
449;1;0;1;0;1;1
450;0;1;1;1;0;1
451;0;2;0;1;0;1
452;1;0;0;1;0;2
453;1;0;0;0;3;0
454;1;1;1;0;1;0
455;2;1;0;0;0;1
456;1;0;0;1;2;0
457;0;0;2;1;1;0
458;4;0;0;0;0;0
459;3;0;0;0;1;0
460;1;0;1;1;0;1
461;2;1;1;0;0;0
462;1;0;0;1;1;1
463;2;0;0;0;1;1
464;1;0;0;0;1;2
465;1;0;0;0;1;2
466;3;0;1;0;0;0
467;0;1;1;0;1;1
468;2;0;1;0;0;1
469;2;0;0;0;1;1
470;0;1;0;0;2;1
471;2;0;0;0;0;2
472;1;2;1;0;0;0
473;2;1;0;0;1;0
474;3;0;0;1;0;0
475;1;1;0;0;2;0
476;1;0;1;1;0;1
477;1;0;0;1;0;2
478;1;1;0;2;0;0
479;2;0;0;1;1;0
480;1;0;1;1;0;1
481;1;1;1;1;0;0
482;2;0;0;0;0;2
483;1;0;0;0;1;2
484;2;1;1;0;0;0
485;1;0;0;0;1;2
486;1;1;0;0;2;0
487;0;0;0;1;1;2
488;0;0;0;0;1;3
489;1;1;0;0;2;0
490;2;0;0;0;2;0
491;3;0;0;0;1;0
492;0;2;0;0;2;0
493;1;1;1;1;0;0
494;1;0;0;0;2;1
495;3;0;1;0;0;0
496;2;1;1;0;0;0
497;0;0;1;0;3;0
498;1;0;1;0;1;1
499;2;0;0;0;0;2
500;0;0;0;0;1;3
501;2;1;0;0;0;1
502;2;1;0;0;1;0
503;2;0;0;0;1;1
504;2;0;0;0;2;0
505;1;0;0;0;1;2
506;1;0;0;0;2;1
507;1;0;0;0;2;1
508;0;1;1;0;1;1
509;1;2;0;0;1;0
510;1;1;0;0;0;2
511;1;0;0;1;2;0
512;1;0;0;0;2;1
513;1;0;1;0;0;2
514;1;0;0;0;2;1
515;0;0;2;0;1;1
516;0;0;1;1;1;1
517;0;0;1;0;1;2
518;2;0;0;0;1;1
519;2;0;0;0;1;1
520;2;0;0;1;1;0
521;2;2;0;0;0;0
522;1;1;0;0;1;1
523;2;1;0;0;1;0
524;2;1;1;0;0;0
525;1;1;0;1;0;1
526;0;1;0;1;1;1
527;0;1;1;0;1;1
528;1;0;1;1;1;0
529;0;4;0;0;0;0
530;0;4;0;0;0;0
531;1;1;1;0;0;1
532;1;1;0;0;0;2
533;0;0;1;0;1;2
534;0;0;1;0;0;3
535;1;0;0;1;1;1
536;0;1;0;2;1;0
537;2;0;0;0;0;2
538;1;1;0;0;2;0
539;1;0;0;1;1;1
540;1;0;0;1;0;2
541;2;1;0;0;0;1
542;1;0;0;1;1;1
543;1;0;0;1;0;2
544;0;1;1;1;1;0
545;0;1;0;1;1;1
546;1;0;1;1;0;1
547;1;0;1;1;1;0
548;2;1;1;0;0;0
549;0;1;0;1;0;2
550;2;1;0;0;0;1
551;1;2;0;0;1;0
552;1;0;0;1;0;2
553;1;1;0;0;0;2
554;0;1;1;0;0;2
555;1;2;0;0;0;1
556;1;2;0;0;0;1
557;0;0;1;1;0;2
558;1;0;1;0;2;0
559;2;0;1;0;0;1
560;0;0;1;1;2;0
561;0;0;0;0;2;2
562;0;2;0;0;1;1
563;0;0;0;2;0;2
564;2;1;0;0;0;1
565;2;1;1;0;0;0
566;1;0;1;1;0;1
567;1;1;0;0;1;1
568;2;0;0;0;2;0
569;2;0;0;1;0;1
570;1;0;1;1;1;0
571;1;2;0;0;0;1
572;2;1;0;0;0;1
573;2;0;0;0;2;0
574;1;0;0;2;0;1
575;1;1;0;0;1;1
576;1;2;0;0;0;1
577;3;0;0;0;0;1
578;1;0;0;1;2;0
579;2;1;1;0;0;0
580;1;0;0;0;0;3
581;1;1;0;1;1;0
582;0;2;0;0;1;1
583;3;0;0;0;1;0
584;1;2;0;1;0;0
585;0;0;1;1;0;2
586;0;2;0;0;0;2
587;0;1;1;0;0;2
588;0;1;0;0;2;1
589;1;1;0;0;0;2
590;0;0;0;2;0;2
591;2;0;0;1;0;1
592;2;0;0;1;0;1
593;2;0;0;1;1;0
594;2;1;0;0;0;1
595;0;1;1;1;1;0
596;1;0;1;1;1;0
597;1;2;0;1;0;0
598;1;0;0;1;1;1
599;2;0;1;0;0;1
600;1;1;0;1;1;0
601;2;0;0;0;1;1
602;1;0;1;0;0;2
603;2;1;1;0;0;0
604;1;0;0;0;2;1
605;1;0;1;1;1;0
606;1;0;1;0;0;2
607;1;0;0;0;1;2
608;1;0;0;0;2;1
609;3;1;0;0;0;0
610;2;0;0;0;0;2
611;0;0;1;0;2;1
612;0;1;1;0;1;1
613;0;1;0;1;1;1
614;2;0;1;0;0;1
615;0;1;1;0;1;1
616;3;0;0;0;0;1
617;2;0;0;0;1;1
618;0;0;0;0;1;3
619;0;1;0;0;1;2
620;1;0;0;0;1;2
621;1;1;1;1;0;0
622;0;0;1;0;1;2
623;1;0;0;0;0;3
624;1;2;0;0;1;0
625;1;0;0;0;2;1
626;0;0;1;1;1;1
627;0;1;0;0;3;0
628;1;0;0;1;1;1
629;1;0;0;0;2;1
630;1;1;0;1;0;1
631;3;1;0;0;0;0
632;2;1;0;0;0;1
633;0;1;1;0;1;1
634;1;0;0;1;0;2
635;1;1;1;0;0;1
636;0;1;2;0;0;1
637;1;1;0;0;1;1
638;1;1;2;0;0;0
639;3;0;0;1;0;0
640;1;2;0;0;0;1
641;1;0;0;1;1;1
642;2;1;0;0;0;1
643;1;1;1;1;0;0
644;1;0;0;0;1;2
645;1;1;0;0;1;1
646;1;1;1;0;0;1
647;0;1;0;1;0;2
648;1;0;0;1;1;1
649;2;1;0;0;1;0
650;4;0;0;0;0;0
651;0;0;0;1;0;3
652;0;1;0;0;2;1
653;0;2;1;0;0;1
654;1;0;0;0;0;3
655;2;0;0;0;1;1
656;2;0;2;0;0;0
657;2;0;1;0;1;0
658;0;2;0;0;1;1
659;1;0;0;0;1;2
660;0;1;0;1;1;1
661;0;1;0;0;0;3
662;1;0;0;2;1;0
663;1;0;0;1;1;1
664;1;1;0;0;1;1
665;0;0;0;0;2;2
666;2;1;0;0;0;1
667;1;1;1;0;1;0
668;0;0;0;0;1;3
669;0;2;0;0;1;1
670;0;0;0;1;1;2
671;2;0;0;0;1;1
672;2;0;1;0;1;0
673;1;1;0;1;1;0
674;2;0;0;0;1;1
675;1;1;0;0;0;2
676;2;1;0;0;0;1
677;1;0;0;0;1;2
678;0;0;1;1;0;2
679;0;1;1;0;2;0
680;2;1;0;0;0;1
681;0;2;0;0;1;1
682;1;1;0;0;1;1
683;0;1;0;0;0;3
684;0;0;1;2;0;1
685;2;1;0;0;1;0
686;1;2;0;0;1;0
687;2;0;1;0;0;1
688;0;1;0;2;0;1
689;2;0;0;0;0;2
690;1;0;0;1;0;2
691;1;0;1;1;0;1
692;2;0;0;0;1;1
693;1;1;0;0;1;1
694;1;0;0;0;2;1
695;1;1;0;0;1;1
696;1;1;0;1;1;0
697;2;0;1;0;0;1
698;1;1;0;0;1;1
699;1;0;0;0;1;2
700;1;1;0;0;0;2
701;2;1;0;0;0;1
702;0;1;0;1;1;1
703;1;1;1;1;0;0
704;0;1;0;0;1;2
705;1;0;0;0;3;0
706;0;1;1;0;1;1
707;1;2;0;0;0;1
708;0;2;0;0;0;2
709;1;0;0;2;0;1
710;0;0;0;1;1;2
711;1;0;0;1;1;1
712;0;1;0;1;1;1
713;1;0;0;1;1;1
714;1;2;1;0;0;0
715;1;2;0;0;0;1
716;2;1;0;0;1;0
717;1;0;0;1;1;1
718;0;1;0;2;0;1
719;2;0;1;0;0;1
720;1;0;0;0;2;1
721;3;0;0;0;0;1
722;0;2;1;0;1;0
723;0;0;1;0;1;2
724;1;2;0;0;0;1
725;2;0;0;0;1;1
726;1;2;0;0;0;1
727;2;1;0;0;0;1
728;0;1;0;1;2;0
729;1;0;1;1;0;1
730;0;0;1;0;2;1
731;2;1;0;0;0;1
732;1;0;1;0;0;2
733;1;1;0;0;0;2
734;2;0;0;0;0;2
735;1;2;0;0;1;0
736;0;1;0;1;2;0
737;0;1;0;0;2;1
738;1;1;0;0;2;0
739;0;0;1;1;1;1
740;0;0;1;0;2;1
741;0;1;1;1;0;1
742;0;1;0;0;3;0
743;1;0;1;0;0;2
744;0;0;1;0;2;1
745;1;0;0;0;0;3
746;1;0;0;0;1;2
747;0;1;0;0;1;2
748;0;1;1;1;0;1
749;0;2;1;0;0;1
750;1;1;0;1;0;1
751;2;0;0;0;0;2
752;0;1;0;0;1;2
753;1;0;0;0;1;2
754;3;0;0;1;0;0
755;1;2;1;0;0;0
756;3;0;0;0;0;1
757;1;1;0;1;0;1
758;0;0;0;2;0;2
759;0;2;0;0;1;1
760;2;1;0;0;1;0
761;1;1;0;1;0;1
762;0;1;1;0;1;1
763;1;1;0;0;1;1
764;1;0;0;0;3;0
765;2;0;0;0;0;2
766;0;0;1;0;1;2
767;0;1;0;0;0;3
768;1;1;0;0;0;2
769;3;1;0;0;0;0
770;1;0;0;0;1;2
771;2;0;0;1;1;0
772;2;0;0;0;0;2
773;1;0;1;1;1;0
774;1;0;0;0;3;0
775;2;0;1;0;1;0
776;0;3;0;1;0;0
777;0;0;0;0;1;3
778;2;0;1;0;0;1
779;0;2;0;0;1;1
780;0;0;1;1;1;1
781;1;1;0;0;0;2
782;0;2;0;0;1;1
783;1;2;0;0;1;0
784;2;0;1;0;0;1
785;2;1;0;0;1;0
786;1;0;0;0;1;2
787;2;1;0;0;0;1
788;1;2;0;0;1;0
789;2;1;0;0;0;1
790;0;0;0;0;3;1
791;0;2;1;1;0;0
792;1;1;0;0;0;2
793;2;0;0;0;1;1
794;1;1;0;0;0;2
795;0;0;0;1;0;3
796;1;0;0;0;0;3
797;0;0;0;1;1;2
798;0;1;0;0;0;3
799;3;0;1;0;0;0
800;2;1;0;0;1;0
801;0;1;0;0;2;1
802;0;1;0;0;2;1
803;2;1;0;0;0;1
804;0;1;0;0;3;0
805;1;1;0;0;1;1
806;1;0;1;0;1;1
807;0;0;1;0;1;2
808;1;1;0;0;0;2
809;1;0;0;1;1;1
810;0;0;1;0;2;1
811;1;0;0;0;1;2
812;1;0;1;0;1;1
813;2;0;0;0;0;2
814;2;1;0;0;0;1
815;1;0;0;0;1;2
816;2;0;0;0;1;1
817;0;0;0;1;1;2
818;2;0;1;0;0;1
819;1;1;0;0;2;0
820;0;1;2;1;0;0
821;1;1;1;0;0;1
822;2;0;0;0;1;1
823;0;0;1;1;1;1
824;1;0;0;1;0;2
825;1;1;0;1;0;1
826;1;1;1;0;0;1
827;2;2;0;0;0;0
828;2;0;0;1;0;1
829;1;1;0;0;0;2
830;0;0;0;2;2;0
831;0;1;1;0;1;1
832;2;0;0;0;0;2
833;0;1;0;1;1;1
834;0;0;1;0;0;3
835;0;2;0;0;2;0
836;2;0;0;0;1;1
837;0;1;0;0;1;2
838;1;3;0;0;0;0
839;0;2;0;1;0;1
840;0;0;1;1;2;0
841;1;0;0;1;0;2
842;1;1;0;0;1;1
843;1;0;0;0;1;2
844;2;0;0;0;1;1
845;0;0;0;1;1;2
846;0;1;0;0;2;1
847;0;1;0;0;2;1
848;2;0;1;0;1;0
849;0;2;1;0;1;0
850;1;1;1;0;0;1
851;1;1;0;0;0;2
852;0;1;0;1;1;1
853;0;0;0;0;2;2
854;0;0;1;0;2;1
855;1;0;0;0;0;3
856;2;1;0;0;0;1
857;1;0;0;1;1;1
858;1;2;0;0;0;1
859;2;0;1;0;0;1
860;0;3;0;0;0;1
861;1;2;0;0;1;0
862;1;0;0;1;2;0
863;1;0;0;1;1;1
864;0;0;0;1;3;0
865;2;0;0;1;0;1
866;2;1;0;0;0;1
867;0;1;0;1;1;1
868;1;0;0;1;1;1
869;1;0;0;0;0;3
870;0;0;0;1;2;1
871;0;1;0;1;0;2
872;1;0;0;0;1;2
873;1;1;0;0;1;1
874;1;1;0;1;0;1
875;0;3;1;0;0;0
876;1;1;2;0;0;0
877;1;1;0;0;0;2
878;1;0;1;0;2;0
879;2;0;1;0;1;0
880;1;2;0;1;0;0
881;3;0;0;1;0;0
882;1;1;0;0;0;2
883;3;0;1;0;0;0
884;1;0;0;0;1;2
885;3;0;0;0;0;1
886;1;2;0;0;1;0
887;1;1;0;0;1;1
888;3;0;0;1;0;0
889;0;0;0;1;1;2
890;0;3;0;0;1;0
891;2;1;0;0;1;0
892;1;1;0;0;1;1
893;2;0;0;0;0;2
894;1;2;1;0;0;0
895;1;0;0;1;1;1
896;1;0;0;1;0;2
897;0;0;0;0;2;2
898;1;0;1;0;2;0
899;0;0;1;0;0;3
900;2;0;1;0;0;1
901;1;2;0;0;1;0
902;1;1;0;0;1;1
903;0;1;0;0;0;3
904;0;1;1;1;0;1
905;1;1;1;0;0;1
906;1;1;0;0;2;0
907;1;0;0;0;1;2
908;3;1;0;0;0;0
909;1;1;1;0;0;1
910;0;1;1;1;0;1
911;2;1;0;0;0;1
912;2;1;0;0;1;0
913;3;0;0;0;1;0
914;1;0;1;0;2;0
915;0;1;0;0;2;1
916;1;0;0;1;1;1
917;0;1;0;1;0;2
918;3;0;0;0;0;1
919;1;0;1;1;1;0
920;0;0;0;1;1;2
921;2;0;0;0;1;1
922;1;0;1;1;0;1
923;0;0;1;1;2;0
924;2;2;0;0;0;0
925;1;0;0;1;2;0
926;0;1;1;1;0;1
927;0;2;0;1;1;0
928;1;0;0;0;1;2
929;1;0;0;1;1;1
930;0;1;0;1;1;1
931;1;2;0;0;1;0
932;0;1;1;0;1;1
933;0;2;1;0;0;1
934;2;0;1;0;1;0
935;0;0;1;1;1;1
936;2;0;0;0;1;1
937;1;1;0;0;2;0
938;1;0;0;1;1;1
939;0;0;0;1;0;3
940;1;0;1;1;1;0
941;0;2;0;0;2;0
942;1;1;0;0;2;0
943;1;0;1;1;1;0
944;2;1;0;0;0;1
945;1;1;1;0;0;1
946;0;0;0;0;2;2
947;0;1;0;1;2;0
948;1;0;0;0;1;2
949;2;1;0;0;1;0
950;1;1;1;0;1;0
951;2;0;1;0;1;0
952;0;2;0;0;1;1
953;1;0;0;0;1;2
954;2;0;0;1;1;0
955;0;0;1;1;1;1
956;0;0;1;0;2;1
957;0;0;0;2;1;1
958;2;1;0;1;0;0
959;1;0;0;1;1;1
960;0;1;1;1;1;0
961;0;1;0;0;2;1
962;0;0;0;2;0;2
963;0;1;0;1;0;2
964;0;1;0;0;2;1
965;2;1;1;0;0;0
966;2;1;0;0;1;0
967;1;0;0;2;1;0
968;0;0;0;1;1;2
969;2;1;0;0;0;1
970;1;0;0;1;1;1
971;1;0;1;0;1;1
972;1;0;0;1;2;0
973;1;2;0;0;0;1
974;0;1;0;1;2;0
975;0;1;0;1;2;0
976;1;0;0;1;2;0
977;2;1;0;0;1;0
978;1;1;0;1;0;1
979;1;1;0;0;0;2
980;1;0;0;1;1;1
981;0;1;0;0;0;3
982;0;2;1;1;0;0
983;1;1;0;0;0;2
984;0;2;0;0;0;2
985;1;1;0;0;2;0
986;2;0;0;0;0;2
987;0;0;0;1;2;1
988;1;0;0;0;2;1
989;1;0;0;1;2;0
990;0;0;0;0;1;3
991;2;1;0;0;0;1
992;2;0;1;0;1;0
993;1;0;1;0;0;2
994;3;0;0;0;0;1
995;1;0;0;1;2;0
996;1;2;0;0;0;1
997;1;1;0;0;0;2
998;1;0;1;0;1;1
999;1;2;0;1;0;0
1000;1;1;0;0;0;2
1001;2;0;1;0;0;1
1002;1;0;1;0;0;2
1003;2;0;2;0;0;0
1004;2;0;0;0;1;1
1005;2;0;1;0;1;0
1006;0;0;1;1;0;2
1007;2;0;0;0;2;0
1008;1;0;1;0;0;2
1009;1;0;0;0;0;3
1010;2;0;0;0;1;1
1011;1;1;2;0;0;0
1012;1;1;0;0;1;1
1013;0;0;0;1;1;2
1014;2;1;0;0;0;1
1015;2;0;0;0;0;2
1016;1;0;0;0;0;3
1017;1;0;1;0;0;2
1018;1;2;0;0;1;0
1019;0;1;0;0;0;3
1020;1;1;0;0;1;1
1021;1;2;0;0;0;1
1022;1;2;1;0;0;0
1023;0;1;0;0;2;1
1024;1;0;0;0;2;1
1025;0;1;1;0;1;1
1026;0;0;0;1;1;2
1027;0;2;0;0;1;1
1028;1;0;0;0;0;3
1029;1;1;0;0;2;0
1030;1;0;1;0;1;1
1031;0;0;0;0;3;1
1032;1;1;0;0;1;1
1033;2;0;0;0;2;0
1034;2;0;0;0;0;2
1035;0;1;0;0;1;2
1036;1;1;0;0;0;2
1037;1;1;0;0;2;0
1038;0;1;1;0;2;0
1039;1;1;0;1;0;1
1040;1;1;0;0;1;1
1041;2;0;0;0;1;1
1042;2;1;0;0;1;0
1043;1;0;0;0;3;0
1044;1;0;1;0;2;0
1045;1;0;0;0;1;2
1046;0;0;0;1;3;0
1047;0;0;1;1;1;1
1048;0;1;0;0;3;0
1049;0;1;1;0;1;1
1050;0;0;0;0;2;2
1051;2;2;0;0;0;0
1052;0;2;1;0;0;1
1053;1;0;0;0;1;2
1054;0;1;0;1;1;1
1055;1;0;0;1;0;2
1056;0;1;0;0;1;2
1057;0;1;0;0;0;3
1058;2;1;0;0;1;0
1059;1;0;0;1;0;2
1060;0;0;1;1;1;1
1061;1;1;1;0;0;1
1062;1;0;0;0;1;2
1063;0;1;0;0;2;1
1064;1;0;0;0;2;1
1065;0;1;0;0;1;2
1066;1;0;1;1;1;0
1067;0;1;0;0;1;2
1068;2;1;0;0;0;1
1069;3;0;0;1;0;0
1070;2;0;0;1;0;1
1071;2;0;1;1;0;0
1072;2;2;0;0;0;0
1073;2;1;0;0;1;0
1074;1;0;0;1;0;2
1075;0;2;1;1;0;0
1076;0;0;0;1;1;2
1077;1;2;0;0;1;0
1078;2;0;1;0;0;1
1079;0;2;1;0;1;0
1080;1;0;0;1;1;1
1081;0;0;0;0;2;2
1082;0;1;0;1;1;1
1083;1;1;0;0;1;1
1084;1;1;1;0;1;0
1085;1;1;1;0;0;1
1086;0;1;0;0;2;1
1087;0;3;1;0;0;0
1088;1;0;1;1;1;0
1089;0;1;0;0;1;2
1090;2;0;0;0;1;1
1091;1;0;0;0;2;1
1092;2;1;0;1;0;0
1093;0;0;0;2;1;1
1094;2;1;0;1;0;0
1095;0;0;0;0;3;1
1096;1;0;0;1;1;1
1097;3;0;0;0;0;1
1098;3;0;0;0;0;1
1099;0;0;0;1;2;1
1100;1;0;0;0;1;2
1101;1;1;1;0;0;1
1102;1;0;0;0;3;0
1103;1;0;0;0;1;2
1104;1;1;1;0;1;0
1105;1;0;1;1;0;1
1106;2;0;0;0;0;2
1107;0;0;2;1;0;1
1108;2;1;1;0;0;0
1109;1;1;0;0;1;1
1110;1;1;0;2;0;0
1111;2;0;0;0;1;1
1112;0;2;0;1;1;0
1113;0;1;0;0;0;3
1114;0;1;1;0;1;1
1115;0;0;0;0;2;2
1116;0;0;1;0;2;1
1117;0;1;1;1;0;1
1118;1;0;1;0;1;1
1119;1;1;1;0;1;0
1120;1;2;1;0;0;0
1121;1;1;1;0;1;0
1122;1;1;0;1;0;1
1123;2;2;0;0;0;0
1124;0;1;1;1;0;1
1125;1;0;0;1;1;1
1126;1;0;0;0;1;2
1127;0;1;1;1;0;1
1128;1;0;0;0;2;1
1129;1;0;1;0;2;0
1130;1;0;1;0;1;1
1131;3;0;1;0;0;0
1132;1;0;1;1;0;1
1133;2;1;0;0;1;0
1134;1;1;0;1;0;1
1135;0;1;0;0;0;3
1136;1;1;0;0;1;1
1137;2;0;0;0;0;2
1138;0;0;1;0;2;1
1139;0;2;1;0;1;0
1140;1;0;1;0;0;2
1141;0;0;2;0;1;1
1142;0;1;1;0;0;2
1143;1;1;1;1;0;0
1144;0;0;0;0;0;4
1145;0;2;0;0;0;2
1146;1;1;0;0;0;2
1147;0;1;0;0;1;2
1148;2;1;0;0;0;1
1149;1;0;0;0;2;1
1150;2;0;2;0;0;0
1151;1;1;1;0;0;1
1152;3;0;1;0;0;0
1153;0;2;0;0;1;1
1154;0;0;0;1;1;2
1155;0;3;0;0;0;1
1156;1;0;1;1;1;0
1157;1;1;1;1;0;0
1158;1;1;0;1;0;1
1159;1;2;1;0;0;0
1160;0;2;1;0;0;1
1161;1;0;0;0;0;3
1162;1;0;0;0;1;2
1163;2;0;1;0;1;0
1164;1;2;0;0;1;0
1165;0;0;0;0;1;3
1166;1;1;0;0;2;0
1167;1;2;0;1;0;0
1168;0;0;0;1;2;1
1169;1;0;1;0;0;2
1170;1;0;1;0;1;1
1171;0;1;0;0;1;2
1172;2;0;0;0;1;1
1173;1;1;1;0;0;1
1174;2;0;0;0;1;1
1175;0;0;0;1;1;2
1176;1;0;0;0;1;2
1177;0;0;1;0;0;3
1178;0;0;1;0;1;2
1179;1;1;0;0;0;2
1180;1;1;0;0;0;2
1181;1;0;0;1;0;2
1182;0;2;0;0;1;1
1183;1;1;0;1;1;0
1184;1;1;1;0;0;1
1185;1;1;0;1;0;1
1186;1;0;0;0;2;1
1187;1;0;0;0;1;2
1188;1;1;1;0;1;0
1189;3;0;0;0;0;1
1190;1;0;0;1;1;1
1191;0;0;0;1;1;2
1192;1;1;0;0;1;1
1193;3;1;0;0;0;0
1194;0;0;0;0;1;3
1195;1;0;1;1;0;1
1196;0;0;0;2;1;1
1197;0;2;0;0;1;1
1198;2;0;0;0;1;1
1199;0;0;1;1;1;1
1200;0;0;0;1;1;2
1201;1;1;0;1;0;1
1202;1;2;0;0;0;1
1203;0;0;0;2;1;1
1204;1;0;1;1;0;1
1205;2;0;0;1;0;1
1206;1;1;0;0;0;2
1207;0;2;0;0;0;2
1208;1;1;0;0;0;2
1209;1;1;0;1;0;1
1210;0;0;0;1;0;3
1211;1;0;1;1;0;1
1212;0;2;1;0;0;1
1213;2;1;0;0;1;0
1214;2;2;0;0;0;0
1215;2;0;1;1;0;0
1216;1;0;1;0;0;2
1217;0;2;1;0;0;1
1218;0;2;0;1;1;0
1219;2;0;0;0;1;1
1220;2;1;0;0;1;0
1221;1;1;1;0;1;0
1222;1;1;0;0;1;1
1223;0;1;0;0;3;0
1224;1;0;0;1;1;1
1225;2;0;0;0;1;1
1226;0;1;0;0;2;1
1227;0;2;0;0;2;0
1228;0;0;0;0;1;3
1229;1;0;0;1;1;1
1230;1;0;2;1;0;0
1231;3;0;1;0;0;0
1232;1;0;0;0;1;2
1233;0;1;0;0;1;2
1234;1;0;0;1;0;2
1235;1;1;0;1;0;1
1236;2;0;0;1;0;1
1237;0;2;2;0;0;0
1238;0;1;0;1;2;0
1239;0;1;0;0;1;2
1240;1;0;1;0;1;1
1241;2;0;0;0;2;0
1242;0;1;0;0;2;1
1243;2;1;0;0;0;1
1244;1;1;1;0;0;1
1245;1;0;1;0;0;2
1246;0;0;0;1;1;2
1247;1;1;1;0;1;0
1248;2;0;0;0;1;1
1249;0;2;2;0;0;0
1250;1;0;0;1;2;0
1251;2;0;0;0;2;0
1252;1;0;1;0;1;1
1253;2;0;2;0;0;0
1254;2;0;0;0;1;1
1255;1;0;0;0;2;1
1256;2;0;0;0;0;2
1257;2;0;0;0;1;1
1258;1;0;0;0;2;1
1259;1;2;1;0;0;0
1260;2;1;0;0;0;1
1261;1;1;0;1;0;1
1262;1;1;0;0;1;1
1263;1;2;0;0;0;1
1264;1;3;0;0;0;0
1265;2;2;0;0;0;0
1266;3;0;0;0;0;1
1267;1;0;0;0;1;2
1268;1;0;0;0;1;2
1269;1;1;1;0;0;1
1270;2;2;0;0;0;0
1271;2;1;0;0;1;0
1272;2;1;0;0;0;1
1273;1;1;0;1;1;0
1274;3;0;0;0;0;1
1275;1;1;0;0;0;2
1276;4;0;0;0;0;0
1277;2;0;0;0;1;1
1278;1;0;0;0;1;2
1279;0;0;0;1;1;2
1280;0;0;0;1;1;2
1281;1;1;0;0;1;1
1282;2;0;1;0;0;1
1283;1;1;1;0;1;0
1284;1;0;0;0;1;2
1285;0;1;0;0;0;3
1286;0;1;1;1;0;1
1287;1;0;0;1;1;1
1288;0;0;0;0;2;2
1289;1;0;0;0;0;3
1290;0;1;0;1;0;2
1291;0;1;0;0;1;2
1292;1;0;0;1;1;1
1293;0;1;1;1;1;0
1294;0;1;0;0;2;1
1295;1;1;0;0;2;0
1296;2;1;0;0;1;0
1297;1;0;0;0;1;2
1298;1;0;0;1;0;2
1299;1;1;0;0;0;2
1300;0;3;0;1;0;0
1301;0;1;1;0;0;2
1302;1;0;1;0;2;0
1303;1;0;1;0;0;2
1304;1;0;1;0;2;0
1305;1;1;0;0;2;0
1306;2;0;1;1;0;0
1307;1;0;0;0;1;2
1308;0;2;0;1;0;1
1309;1;1;0;0;1;1
1310;1;0;2;1;0;0
1311;2;1;0;1;0;0
1312;2;1;0;0;0;1
1313;1;0;1;0;2;0
1314;1;0;1;1;0;1
1315;1;0;0;1;0;2
1316;1;1;0;0;2;0
1317;0;0;0;0;3;1
1318;1;1;0;1;0;1
1319;0;2;1;1;0;0
1320;0;1;0;0;1;2
1321;1;0;1;0;1;1
1322;0;2;1;1;0;0
1323;1;1;0;1;1;0
1324;1;0;0;0;1;2
1325;2;1;0;0;0;1
1326;1;0;2;0;0;1
1327;0;0;0;2;0;2
1328;0;2;0;0;0;2
1329;1;2;0;0;0;1
1330;1;0;1;1;1;0
1331;0;1;0;1;1;1
1332;1;0;0;1;1;1
1333;2;2;0;0;0;0
1334;1;0;1;1;0;1
1335;1;1;0;1;0;1
1336;1;1;0;1;0;1
1337;3;0;0;0;0;1
1338;2;1;1;0;0;0
1339;1;0;1;0;0;2
1340;0;1;0;1;1;1
1341;0;0;1;0;0;3
1342;1;0;0;1;1;1
1343;0;0;1;1;1;1
1344;0;2;1;0;0;1
1345;2;1;0;0;1;0
1346;1;0;0;0;3;0
1347;0;1;0;1;0;2
1348;0;1;0;0;2;1
1349;2;0;0;0;1;1
1350;2;0;0;0;1;1
1351;0;0;0;2;0;2
1352;1;1;1;0;1;0
1353;1;1;2;0;0;0
1354;1;0;0;0;1;2
1355;1;0;0;1;0;2
1356;1;1;0;1;1;0
1357;3;0;1;0;0;0
1358;1;1;0;0;2;0
1359;0;2;0;1;0;1
1360;2;0;2;0;0;0
1361;0;1;0;1;0;2
1362;2;0;0;0;2;0
1363;1;2;0;0;0;1
1364;1;1;0;0;1;1
1365;1;0;0;1;0;2
1366;2;1;0;0;0;1
1367;2;1;0;0;1;0
1368;3;0;0;0;0;1
1369;2;1;0;0;0;1
1370;1;1;0;0;2;0
1371;0;0;0;1;3;0
1372;1;0;0;1;0;2
1373;2;0;0;0;0;2
1374;1;1;0;1;0;1
1375;0;0;0;1;2;1
1376;0;1;1;0;2;0
1377;1;0;0;0;1;2
1378;2;1;0;0;0;1
1379;2;0;1;0;0;1
1380;0;1;0;1;1;1
1381;0;2;0;1;1;0
1382;1;0;0;0;2;1
1383;0;0;1;0;1;2
1384;0;2;1;0;0;1
1385;2;1;0;0;0;1
1386;1;2;0;1;0;0
1387;1;1;0;1;1;0
1388;1;1;1;0;0;1
1389;1;0;1;0;0;2
1390;1;1;0;0;0;2
1391;0;0;1;0;2;1
1392;1;3;0;0;0;0
1393;1;1;0;0;1;1
1394;1;0;0;0;1;2
1395;1;1;0;0;0;2
1396;1;1;0;1;1;0
1397;1;1;0;0;1;1
1398;1;1;2;0;0;0
1399;1;0;1;0;1;1
1400;1;1;1;0;1;0
1401;2;2;0;0;0;0
1402;0;1;0;0;2;1
1403;0;0;0;0;2;2
1404;1;0;1;0;1;1
1405;3;1;0;0;0;0
1406;2;0;1;0;1;0
1407;1;1;0;0;0;2
1408;0;0;0;0;4;0
1409;0;0;0;1;2;1
1410;0;0;1;0;0;3
1411;1;1;1;0;0;1
1412;3;0;1;0;0;0
1413;2;0;0;0;1;1
1414;2;0;1;0;0;1
1415;0;1;0;1;0;2
1416;1;0;1;0;2;0
1417;1;1;0;0;1;1
1418;1;1;0;0;1;1
1419;2;0;0;0;1;1
1420;1;1;2;0;0;0
1421;1;0;1;0;2;0
1422;1;0;1;1;0;1
1423;2;1;0;0;0;1
1424;0;1;1;0;0;2
1425;1;1;1;1;0;0
1426;2;0;1;0;1;0
1427;1;0;0;0;1;2
1428;1;1;0;0;2;0
1429;0;2;0;0;1;1
1430;0;1;0;0;0;3
1431;1;1;0;0;1;1
1432;1;1;0;0;1;1
1433;1;0;0;0;1;2
1434;1;0;1;0;1;1
1435;1;1;0;0;1;1
1436;1;0;1;1;0;1
1437;0;1;0;0;2;1
1438;2;0;0;1;0;1
1439;1;0;0;1;1;1
1440;0;1;0;1;1;1
1441;1;3;0;0;0;0
1442;2;0;0;0;1;1
1443;1;3;0;0;0;0
1444;0;0;0;0;1;3
1445;1;1;0;0;0;2
1446;0;0;1;1;0;2
1447;1;0;0;0;1;2
1448;2;0;1;0;1;0
1449;0;1;1;1;0;1
1450;1;1;2;0;0;0
1451;2;1;0;0;1;0
1452;1;1;0;0;0;2
1453;0;1;0;0;2;1
1454;0;1;0;1;1;1
1455;0;2;1;0;0;1
1456;0;1;1;1;0;1
1457;0;2;1;0;1;0
1458;0;1;0;0;1;2
1459;2;0;0;0;0;2
1460;0;1;0;1;1;1
1461;1;1;1;0;0;1
1462;2;0;0;0;1;1
1463;0;0;0;1;1;2
1464;1;1;0;0;1;1
1465;1;0;1;0;2;0
1466;1;0;0;1;0;2
1467;1;0;0;0;0;3
1468;1;1;0;0;1;1
1469;0;1;0;0;2;1
1470;1;0;0;1;1;1
1471;2;1;0;0;1;0
1472;2;0;2;0;0;0
1473;0;0;0;1;1;2
1474;2;1;1;0;0;0
1475;3;0;1;0;0;0
1476;1;1;0;0;0;2
1477;0;2;1;0;0;1
1478;2;0;0;1;0;1
1479;2;0;0;1;0;1
1480;0;1;1;0;1;1
1481;2;1;0;0;0;1
1482;1;0;1;0;1;1
1483;0;0;0;0;2;2
1484;2;1;0;0;0;1
1485;0;1;0;0;1;2
1486;0;1;0;1;2;0
1487;1;2;0;0;0;1
1488;1;0;0;0;1;2
1489;1;1;1;0;0;1
1490;0;0;0;0;1;3
1491;2;1;0;0;0;1
1492;0;0;0;1;2;1
1493;1;0;1;1;0;1
1494;2;0;0;0;1;1
1495;2;0;0;0;0;2
1496;1;0;0;0;1;2
1497;1;0;0;1;2;0
1498;0;1;0;0;2;1
1499;2;0;0;0;0;2
1500;0;1;0;1;1;1
