Runde;EINS;ZWEI;DREI;VIER;FUENF;SECHS
1;0;0;1;0;2;1
2;0;1;2;0;0;1
3;0;0;0;1;1;2
4;0;0;0;2;1;1
5;1;0;0;0;3;0
6;1;1;0;1;1;0
7;0;0;2;1;0;1
8;0;0;0;1;1;2
9;1;0;0;0;1;2
10;0;0;1;1;2;0
11;0;1;0;0;2;1
12;1;0;1;1;0;1
13;0;0;0;3;0;1
14;0;0;0;1;1;2
15;0;0;0;0;2;2
16;0;0;1;1;2;0
17;0;0;0;1;1;2
18;0;0;0;2;0;2
19;0;1;0;3;0;0
20;1;0;0;1;0;2
21;0;0;0;1;2;1
22;0;1;1;0;2;0
23;0;0;0;1;3;0
24;0;0;0;1;2;1
25;1;0;0;1;1;1
26;0;0;0;0;1;3
27;0;0;0;1;0;3
28;0;2;0;0;2;0
29;1;0;0;1;1;1
30;0;0;1;0;2;1
31;0;0;0;2;1;1
32;0;0;1;0;2;1
33;0;0;0;1;1;2
34;0;0;0;1;1;2
35;0;0;0;1;2;1
36;0;0;0;2;0;2
37;0;0;2;0;1;1
38;0;0;0;1;1;2
39;0;0;0;1;2;1
40;1;1;0;0;0;2
41;0;1;0;1;2;0
42;0;0;1;1;1;1
43;1;0;0;1;1;1
44;0;0;0;1;1;2
45;0;0;1;0;2;1
46;0;0;1;2;0;1
47;0;0;1;0;1;2
48;0;0;1;1;1;1
49;0;0;0;3;1;0
50;0;1;1;0;0;2
51;0;1;1;1;0;1
52;0;0;0;1;3;0
53;0;1;0;1;2;0
54;0;0;0;2;1;1
55;0;0;1;0;1;2
56;0;0;1;2;1;0
57;0;1;1;1;1;0
58;1;0;1;0;1;1
59;0;1;0;1;1;1
60;0;0;0;0;2;2
61;0;1;0;1;1;1
62;0;0;1;1;2;0
63;1;0;1;0;0;2
64;0;1;1;1;0;1
65;0;1;0;0;3;0
66;0;0;0;0;2;2
67;0;0;1;1;1;1
68;0;0;1;0;0;3
69;0;0;0;1;1;2
70;0;0;0;2;1;1
71;0;0;0;2;2;0
72;0;0;0;0;3;1
73;0;0;0;1;3;0
74;0;1;0;1;1;1
75;0;0;1;0;1;2
76;0;1;1;1;1;0
77;0;0;0;2;2;0
78;0;0;2;0;0;2
79;1;1;0;0;1;1
80;0;0;1;1;1;1
81;0;0;2;0;0;2
82;0;0;1;0;1;2
83;0;0;1;1;1;1
84;0;0;0;1;2;1
85;1;0;0;0;0;3
86;0;2;0;1;1;0
87;0;0;1;0;1;2
88;1;0;0;0;3;0
89;1;0;0;0;2;1
90;0;2;0;0;1;1
91;0;0;0;0;2;2
92;0;1;0;0;1;2
93;0;1;1;1;1;0
94;0;0;0;2;1;1
95;0;0;0;0;1;3
96;0;1;0;3;0;0
97;0;1;0;1;0;2
98;1;0;0;1;1;1
99;0;0;1;1;1;1
100;0;1;0;1;2;0
101;0;1;0;1;2;0
102;0;0;1;1;1;1
103;0;0;1;2;1;0
104;1;0;0;0;2;1
105;0;0;0;2;1;1
106;1;0;1;1;1;0
107;0;1;0;0;1;2
108;0;1;0;1;2;0
109;0;1;0;1;2;0
110;0;1;0;1;2;0
111;0;0;0;2;0;2
112;0;0;1;0;3;0
113;1;0;0;1;0;2
114;0;0;0;3;0;1
115;1;1;0;1;1;0
116;1;0;0;1;1;1
117;0;1;0;0;0;3
118;0;0;1;1;0;2
119;0;0;1;1;1;1
120;0;0;1;0;2;1
121;0;0;1;3;0;0
122;1;0;0;1;0;2
123;0;0;0;1;1;2
124;0;0;1;1;1;1
125;0;0;1;0;2;1
126;1;1;0;1;1;0
127;0;0;2;1;1;0
128;1;1;1;0;0;1
129;1;0;0;0;1;2
130;0;1;0;0;1;2
131;0;1;0;0;2;1
132;1;0;1;1;1;0
133;0;0;2;0;1;1
134;0;0;2;0;1;1
135;0;0;1;1;0;2
136;0;0;0;2;0;2
137;0;1;1;0;0;2
138;0;1;0;1;1;1
139;1;0;0;2;1;0
140;0;0;0;1;1;2
141;0;1;2;1;0;0
142;0;0;1;1;1;1
143;0;0;1;1;0;2
144;0;0;2;0;1;1
145;0;0;0;0;3;1
146;0;0;0;1;1;2
147;0;0;1;1;0;2
148;0;1;1;1;0;1
149;0;0;1;0;1;2
150;0;0;1;0;0;3
151;1;2;1;0;0;0
152;0;0;0;0;1;3
153;1;0;1;0;1;1
154;1;0;0;0;1;2
155;1;1;1;0;0;1
156;0;0;2;0;2;0
157;0;0;0;0;0;4
158;0;0;1;0;2;1
159;1;0;0;1;1;1
160;0;0;0;1;2;1
161;0;1;1;1;0;1
162;0;0;2;1;0;1
163;0;0;0;1;1;2
164;0;0;2;0;0;2
165;0;0;0;0;1;3
166;0;0;0;2;0;2
167;1;0;0;1;1;1
168;0;0;1;0;2;1
169;0;0;0;1;1;2
170;0;0;0;0;4;0
171;0;0;0;2;0;2
172;1;0;0;0;2;1
173;0;1;1;0;2;0
174;0;0;0;1;3;0
175;0;0;0;2;1;1
176;1;0;1;2;0;0
177;0;1;1;0;2;0
178;0;1;1;0;1;1
179;0;0;0;1;2;1
180;1;1;0;1;1;0
181;0;0;1;1;2;0
182;0;1;1;0;1;1
183;0;0;1;0;0;3
184;0;0;0;1;0;3
185;0;0;1;0;1;2
186;0;0;0;1;1;2
187;1;1;0;1;0;1
188;0;0;1;0;1;2
189;0;1;2;0;1;0
190;0;0;0;1;1;2
191;0;0;0;2;1;1
192;0;0;2;2;0;0
193;0;1;1;1;0;1
194;1;2;1;0;0;0
195;1;1;0;0;1;1
196;0;0;1;1;2;0
197;0;1;0;2;1;0
198;0;1;1;0;1;1
199;1;0;0;1;2;0
200;0;0;0;2;2;0
201;0;0;1;1;2;0
202;0;0;2;0;1;1
203;0;1;0;0;0;3
204;0;0;0;3;1;0
205;0;0;0;1;2;1
206;0;0;1;1;0;2
207;0;0;0;1;2;1
208;0;0;1;1;1;1
209;0;1;1;0;1;1
210;0;1;0;1;1;1
211;0;1;1;0;1;1
212;0;0;2;0;1;1
213;0;0;0;1;1;2
214;0;0;1;1;1;1
215;1;1;0;0;2;0
216;0;0;0;2;2;0
217;1;1;1;0;1;0
218;0;0;0;1;1;2
219;0;2;1;0;1;0
220;0;0;2;1;1;0
221;1;0;1;1;0;1
222;0;0;1;1;1;1
223;0;0;1;2;1;0
224;0;0;1;1;1;1
225;1;0;1;0;0;2
226;1;0;0;0;0;3
227;1;0;0;0;1;2
228;0;0;2;0;1;1
229;0;0;0;2;0;2
230;0;2;1;0;0;1
231;0;1;1;0;0;2
232;1;0;1;1;0;1
233;0;0;0;2;1;1
234;0;0;0;2;1;1
235;0;1;1;1;0;1
236;0;1;0;0;2;1
237;0;0;0;1;3;0
238;0;1;0;0;1;2
239;0;1;0;0;2;1
240;0;0;0;0;2;2
241;1;0;0;0;1;2
242;0;0;0;0;3;1
243;0;0;0;1;2;1
244;0;0;0;3;0;1
245;0;0;0;0;2;2
246;0;0;1;1;2;0
247;0;0;2;0;1;1
248;0;0;1;1;0;2
249;1;0;0;0;0;3
250;0;0;1;1;2;0
251;0;0;0;1;1;2
252;1;0;1;0;0;2
253;0;0;1;1;0;2
254;0;0;0;2;0;2
255;0;0;1;2;1;0
256;0;0;2;1;1;0
257;1;0;0;2;0;1
258;0;0;2;0;2;0
259;0;0;0;1;2;1
260;0;0;0;0;3;1
261;0;0;1;1;1;1
262;1;0;0;1;1;1
263;0;0;1;3;0;0
264;0;0;0;2;0;2
265;0;0;0;1;2;1
266;0;0;0;1;0;3
267;1;0;0;0;2;1
268;1;1;0;0;1;1
269;0;1;1;1;1;0
270;0;0;1;0;2;1
271;0;0;0;1;0;3
272;0;0;0;0;3;1
273;0;0;0;3;0;1
274;0;0;1;0;3;0
275;1;0;0;1;0;2
276;0;0;0;2;2;0
277;0;0;1;1;1;1
278;0;0;1;1;1;1
279;0;0;0;1;1;2
280;0;0;0;1;1;2
281;0;0;0;1;1;2
282;0;0;0;3;0;1
283;0;0;2;0;1;1
284;0;0;1;0;2;1
285;1;0;0;2;0;1
286;0;0;0;3;0;1
287;0;0;0;0;2;2
288;0;2;0;1;0;1
289;0;0;0;1;1;2
290;0;0;1;1;0;2
291;0;1;2;0;0;1
292;0;0;1;2;1;0
293;0;0;0;3;0;1
294;0;1;0;0;2;1
295;0;0;0;1;1;2
296;0;1;0;0;3;0
297;0;0;1;1;0;2
298;0;0;0;1;1;2
299;0;1;0;1;2;0
300;0;1;1;0;2;0
301;0;0;0;0;2;2
302;0;0;0;0;1;3
303;0;0;1;1;1;1
304;1;0;0;2;0;1
305;0;1;0;0;3;0
306;0;1;1;0;0;2
307;1;0;1;0;0;2
308;0;0;0;1;1;2
309;0;0;2;1;1;0
310;0;1;0;0;3;0
311;0;0;1;0;2;1
312;0;1;0;0;1;2
313;0;0;1;1;1;1
314;1;0;1;1;1;0
315;0;0;1;0;1;2
316;0;0;1;1;1;1
317;1;0;1;1;1;0
318;0;0;0;1;1;2
319;0;0;0;1;1;2
320;0;0;1;1;0;2
321;0;0;0;2;0;2
322;0;1;0;0;1;2
323;1;1;0;1;1;0
324;0;0;0;2;2;0
325;0;0;0;1;1;2
326;0;0;0;1;1;2
327;0;1;0;0;2;1
328;0;0;0;2;0;2
329;1;0;1;0;1;1
330;0;0;1;1;1;1
331;0;1;1;1;1;0
332;1;1;1;1;0;0
333;0;1;1;1;1;0
334;0;1;1;0;1;1
335;0;0;1;0;2;1
336;0;0;0;2;1;1
337;0;1;0;0;3;0
338;0;0;1;1;2;0
339;0;0;1;0;1;2
340;0;1;1;0;0;2
341;0;0;0;1;3;0
342;0;1;1;1;1;0
343;0;0;0;1;1;2
344;0;0;1;2;0;1
345;0;0;1;1;0;2
346;1;0;0;1;0;2
347;0;0;1;1;1;1
348;0;1;1;0;0;2
349;1;1;0;1;0;1
350;0;0;0;0;4;0
351;0;1;0;0;1;2
352;0;0;1;1;1;1
353;0;0;0;1;0;3
354;0;0;0;0;1;3
355;0;1;1;0;1;1
356;0;0;0;1;2;1
357;0;0;0;3;0;1
358;1;0;0;0;2;1
359;1;0;0;0;2;1
360;0;0;0;1;2;1
361;1;0;0;3;0;0
362;0;0;1;2;1;0
363;0;0;0;2;0;2
364;0;1;1;1;0;1
365;0;1;2;0;1;0
366;1;0;0;0;0;3
367;0;1;0;1;2;0
368;0;0;1;0;1;2
369;0;0;0;2;2;0
370;0;0;0;0;1;3
371;0;0;1;1;2;0
372;0;0;1;2;0;1
373;0;0;1;2;0;1
374;1;1;0;0;1;1
375;0;0;0;3;1;0
376;0;0;1;1;1;1
377;0;0;2;0;1;1
378;0;0;2;0;1;1
379;0;1;0;0;1;2
380;0;1;0;0;2;1
381;0;0;0;0;2;2
382;0;0;0;1;2;1
383;0;1;2;0;0;1
384;0;1;1;1;1;0
385;0;0;0;2;1;1
386;0;0;1;0;1;2
387;0;0;0;1;2;1
388;0;0;2;2;0;0
389;1;0;1;0;0;2
390;0;0;1;0;1;2
391;1;1;0;0;1;1
392;0;0;0;1;0;3
393;0;0;0;1;2;1
394;0;1;0;1;0;2
395;0;0;0;2;1;1
396;0;1;0;2;1;0
397;0;0;3;0;0;1
398;0;0;0;0;3;1
399;0;0;0;1;1;2
400;0;1;1;0;1;1
401;0;0;1;0;2;1
402;0;0;1;1;1;1
403;0;0;1;1;1;1
404;0;0;2;2;0;0
405;0;0;1;1;1;1
406;0;0;2;0;0;2
407;0;0;0;0;1;3
408;0;1;1;0;1;1
409;0;0;2;1;1;0
410;1;0;1;0;1;1
411;0;0;0;2;1;1
412;1;1;0;1;1;0
413;0;1;0;0;1;2
414;0;1;1;1;0;1
415;0;0;1;0;0;3
416;0;0;0;0;2;2
417;1;0;0;1;2;0
418;0;0;1;0;1;2
419;0;0;0;0;3;1
420;0;0;1;1;1;1
421;0;0;0;1;1;2
422;0;0;0;0;2;2
423;0;1;0;1;2;0
424;0;1;0;0;2;1
425;1;0;0;0;0;3
426;0;1;0;1;2;0
427;0;0;0;1;1;2
428;0;0;0;2;1;1
429;0;0;0;1;1;2
430;1;1;1;0;1;0
431;1;0;0;1;2;0
432;1;0;0;1;1;1
433;0;0;1;1;0;2
434;0;0;0;1;2;1
435;1;0;0;0;1;2
436;0;1;0;2;0;1
437;0;0;1;1;1;1
438;0;0;0;1;1;2
439;0;0;0;1;2;1
440;0;0;0;1;2;1
441;0;0;0;2;1;1
442;0;0;0;0;1;3
443;0;0;0;0;2;2
444;0;1;0;0;1;2
445;1;0;0;1;0;2
446;0;1;0;0;3;0
447;0;1;1;0;1;1
448;0;0;1;2;0;1
449;0;0;0;0;2;2
450;0;0;0;2;1;1
451;0;0;0;0;1;3
452;0;0;1;1;1;1
453;1;0;0;1;0;2
454;0;0;1;1;1;1
455;0;2;1;0;0;1
456;1;0;1;0;2;0
457;0;0;0;2;2;0
458;0;0;0;1;0;3
459;0;2;0;1;1;0
460;1;1;1;0;0;1
461;0;0;1;0;2;1
462;0;1;0;0;1;2
463;0;0;0;0;2;2
464;0;0;1;1;2;0
465;0;1;1;0;2;0
466;1;0;1;0;1;1
467;0;1;1;1;1;0
468;0;0;1;2;0;1
469;0;0;0;1;1;2
470;0;1;0;1;0;2
471;0;0;0;0;0;4
472;0;1;0;1;0;2
473;0;2;0;1;0;1
474;0;0;0;1;2;1
475;0;0;0;2;0;2
476;0;0;0;2;0;2
477;0;0;0;1;2;1
478;0;1;1;0;1;1
479;0;1;0;1;1;1
480;1;1;0;1;0;1
481;0;0;0;1;1;2
482;0;0;0;1;0;3
483;0;1;0;1;2;0
484;0;0;1;1;0;2
485;0;0;2;0;0;2
486;0;0;1;1;1;1
487;0;1;0;1;1;1
488;0;0;1;2;0;1
489;0;1;0;0;1;2
490;0;0;1;1;1;1
491;0;0;0;1;1;2
492;0;0;1;1;0;2
493;0;0;1;1;2;0
494;0;0;1;1;0;2
495;0;0;1;0;0;3
496;0;0;3;0;0;1
497;0;0;2;0;2;0
498;0;1;0;1;1;1
499;0;0;1;1;0;2
500;0;0;1;1;1;1
501;0;0;1;1;1;1
502;0;0;2;0;1;1
503;0;0;1;1;0;2
504;1;0;1;1;0;1
505;0;0;2;2;0;0
506;0;0;0;2;1;1
507;0;0;0;1;1;2
508;0;0;2;0;1;1
509;0;0;1;1;1;1
510;1;0;1;1;0;1
511;0;0;0;2;0;2
512;0;0;0;0;0;4
513;0;0;0;2;1;1
514;0;0;0;2;1;1
515;0;0;1;1;2;0
516;0;0;1;1;1;1
517;1;0;1;0;0;2
518;0;1;0;0;2;1
519;0;0;0;1;2;1
520;0;2;0;0;2;0
521;0;2;0;0;2;0
522;0;0;1;2;1;0
523;0;0;0;0;1;3
524;0;1;0;1;1;1
525;0;0;0;1;1;2
526;0;0;2;1;1;0
527;1;1;1;0;0;1
528;0;0;0;1;0;3
529;0;1;0;0;1;2
530;0;0;0;0;2;2
531;0;0;0;2;1;1
532;1;0;2;0;1;0
533;1;0;0;1;1;1
534;0;0;0;1;3;0
535;0;0;0;0;1;3
536;0;0;0;1;1;2
537;0;0;0;2;0;2
538;0;0;1;0;2;1
539;0;0;3;0;0;1
540;0;1;1;1;1;0
541;0;0;1;1;0;2
542;0;1;0;0;1;2
543;0;0;0;0;2;2
544;1;0;1;0;0;2
545;0;1;0;0;2;1
546;0;0;1;0;1;2
547;0;1;0;1;1;1
548;0;0;1;0;2;1
549;0;0;2;2;0;0
550;0;0;1;0;0;3
551;1;1;1;0;0;1
552;0;0;2;0;1;1
553;0;0;0;1;2;1
554;0;0;0;0;1;3
555;0;0;0;2;2;0
556;0;0;1;2;1;0
557;0;0;0;1;2;1
558;0;0;1;2;0;1
559;0;1;0;0;1;2
560;0;0;0;2;1;1
561;0;0;2;1;1;0
562;0;0;1;1;2;0
563;0;0;1;1;1;1
564;0;0;0;0;0;4
565;0;0;1;0;1;2
566;0;1;0;1;1;1
567;0;0;1;2;1;0
568;0;2;2;0;0;0
569;0;0;1;1;2;0
570;0;1;1;0;1;1
571;1;2;0;0;0;1
572;0;0;0;1;3;0
573;0;0;1;0;2;1
574;0;0;1;1;1;1
575;1;0;1;2;0;0
576;0;1;0;3;0;0
577;0;1;0;1;2;0
578;0;0;1;0;1;2
579;1;1;1;1;0;0
580;1;0;1;1;1;0
581;0;1;1;1;0;1
582;0;0;1;0;1;2
583;0;0;1;0;2;1
584;0;0;0;0;0;4
585;0;0;0;0;1;3
586;0;0;0;1;1;2
587;0;0;0;1;2;1
588;0;0;0;0;1;3
589;0;0;0;4;0;0
590;0;1;0;2;1;0
591;0;0;0;1;2;1
592;0;0;1;3;0;0
593;0;0;1;1;1;1
594;1;1;0;0;1;1
595;0;0;0;2;1;1
596;1;0;0;1;1;1
597;0;1;0;1;1;1
598;0;0;1;1;1;1
599;0;1;0;2;0;1
600;0;0;0;1;1;2
601;0;1;2;0;1;0
602;1;0;0;1;1;1
603;0;0;0;2;1;1
604;0;0;0;0;1;3
605;0;0;1;1;1;1
606;0;0;0;1;2;1
607;0;0;1;1;1;1
608;0;0;1;0;1;2
609;0;0;0;0;3;1
610;0;1;0;1;1;1
611;0;0;0;2;2;0
612;0;1;0;1;1;1
613;0;0;1;0;1;2
614;0;0;0;0;3;1
615;0;0;1;2;1;0
616;1;2;0;0;0;1
617;0;1;0;1;1;1
618;1;0;0;2;1;0
619;0;1;0;1;1;1
620;0;0;2;0;0;2
621;0;0;0;0;3;1
622;1;0;1;1;1;0
623;0;0;1;0;1;2
624;0;0;0;1;0;3
625;0;0;0;1;1;2
626;1;0;0;0;0;3
627;0;1;0;1;1;1
628;0;0;1;0;0;3
629;0;0;0;1;2;1
630;0;0;0;1;3;0
631;0;1;0;1;1;1
632;0;0;0;4;0;0
633;0;0;0;0;3;1
634;0;1;1;0;0;2
635;0;0;1;0;0;3
636;1;1;0;1;1;0
637;0;1;1;1;0;1
638;0;0;0;0;1;3
639;0;0;0;1;1;2
640;1;0;1;0;1;1
641;0;0;0;1;1;2
642;0;0;1;1;2;0
643;0;0;1;0;2;1
644;0;0;0;1;2;1
645;0;0;2;0;2;0
646;0;0;2;0;1;1
647;0;0;0;3;0;1
648;1;0;1;1;0;1
649;0;1;0;1;1;1
650;0;0;0;1;2;1
651;0;1;0;2;0;1
652;0;0;1;0;2;1
653;0;0;1;0;1;2
654;0;0;0;1;1;2
655;0;0;0;1;1;2
656;0;0;1;0;1;2
657;1;0;0;1;0;2
658;1;0;1;1;1;0
659;1;0;1;2;0;0
660;0;0;1;0;1;2
661;0;0;0;1;2;1
662;0;1;0;1;0;2
663;0;1;1;2;0;0
664;0;0;1;0;3;0
665;1;0;0;0;1;2
666;0;0;1;1;1;1
667;0;2;1;0;1;0
668;0;1;1;0;0;2
669;0;1;0;2;1;0
670;0;0;2;2;0;0
671;0;0;0;2;0;2
672;0;1;0;1;0;2
673;1;1;0;0;0;2
674;0;0;0;1;2;1
675;0;1;1;1;1;0
676;0;0;1;1;0;2
677;1;1;1;0;0;1
678;0;0;0;2;1;1
679;0;0;1;1;0;2
680;0;0;1;1;0;2
681;0;2;0;0;2;0
682;0;0;1;0;2;1
683;0;0;0;1;1;2
684;0;0;2;1;0;1
685;0;0;0;1;2;1
686;0;1;0;1;1;1
687;0;0;0;3;0;1
688;0;0;0;1;1;2
689;0;0;0;2;1;1
690;0;0;1;2;1;0
691;0;0;0;0;2;2
692;0;1;2;0;1;0
693;1;0;0;0;0;3
694;1;0;0;1;1;1
695;0;0;1;1;1;1
696;0;0;2;1;0;1
697;0;0;0;1;2;1
698;0;0;0;1;1;2
699;0;0;0;1;2;1
700;0;0;0;1;2;1
701;0;0;1;1;2;0
702;0;0;0;0;1;3
703;0;0;0;1;1;2
704;0;1;0;1;0;2
705;1;1;1;1;0;0
706;0;0;1;1;1;1
707;0;0;0;2;1;1
708;0;0;0;3;0;1
709;0;0;1;0;1;2
710;0;0;2;1;1;0
711;0;0;0;0;3;1
712;0;0;0;0;0;4
713;0;0;0;0;2;2
714;0;1;0;0;1;2
715;0;0;1;2;0;1
716;0;0;0;1;0;3
717;0;1;0;0;1;2
718;0;1;0;0;2;1
719;0;0;0;1;1;2
720;0;1;0;1;1;1
721;0;0;0;2;1;1
722;0;0;0;1;1;2
723;0;0;0;2;1;1
724;0;0;0;1;2;1
725;1;0;0;1;0;2
726;0;0;0;1;0;3
727;0;0;1;1;1;1
728;0;0;0;1;1;2
729;0;1;1;0;1;1
730;0;0;0;1;1;2
731;0;1;1;0;0;2
732;1;2;1;0;0;0
733;0;0;0;0;2;2
734;0;0;1;0;1;2
735;0;2;1;0;1;0
736;0;0;1;1;2;0
737;0;0;0;3;1;0
738;0;0;1;1;1;1
739;0;0;1;2;1;0
740;1;1;0;0;0;2
741;0;1;0;2;1;0
742;0;1;1;0;1;1
743;0;0;0;1;2;1
744;0;0;1;1;0;2
745;0;0;0;1;1;2
746;0;0;0;2;2;0
747;0;0;1;1;2;0
748;0;1;1;1;0;1
749;0;0;1;3;0;0
750;0;0;3;1;0;0
751;0;0;0;0;2;2
752;0;1;0;2;1;0
753;0;1;0;1;2;0
754;0;0;0;2;1;1
755;0;0;0;1;1;2
756;0;0;0;1;2;1
757;0;0;0;1;1;2
758;0;0;2;0;1;1
759;1;0;0;1;1;1
760;0;0;2;0;1;1
761;0;0;1;1;2;0
762;1;2;0;0;0;1
763;0;0;2;0;2;0
764;0;0;1;1;1;1
765;0;0;1;1;1;1
766;0;0;0;2;1;1
767;0;0;1;0;1;2
768;0;0;0;1;2;1
769;0;0;0;1;1;2
770;0;0;0;1;1;2
771;0;0;0;2;1;1
772;0;0;1;1;1;1
773;0;1;1;0;2;0
774;0;0;1;2;1;0
775;0;1;0;0;2;1
776;1;1;0;0;2;0
777;0;0;0;1;2;1
778;0;0;0;2;2;0
779;0;2;0;0;2;0
780;0;0;1;1;1;1
781;0;2;0;0;2;0
782;0;0;2;0;1;1
783;0;0;0;0;1;3
784;1;1;0;0;0;2
785;1;0;0;2;0;1
786;0;0;0;2;2;0
787;0;0;0;1;3;0
788;1;1;1;0;1;0
789;0;0;0;1;1;2
790;0;0;0;2;0;2
791;1;0;0;1;0;2
792;1;0;0;1;1;1
793;0;0;0;2;0;2
794;0;0;1;1;1;1
795;0;0;0;0;3;1
796;0;0;0;2;1;1
797;0;1;0;1;1;1
798;0;1;0;1;1;1
799;0;0;1;1;0;2
800;1;0;1;0;0;2
801;0;0;1;0;1;2
802;0;0;0;0;3;1
803;0;0;0;2;1;1
804;1;1;0;1;1;0
805;0;0;0;0;3;1
806;0;1;0;1;0;2
807;0;0;0;2;0;2
808;0;1;0;1;0;2
809;0;0;0;1;1;2
810;0;0;0;2;1;1
811;1;0;0;0;1;2
812;1;0;0;1;0;2
813;0;2;0;0;1;1
814;0;0;0;2;1;1
815;0;0;0;2;0;2
816;0;0;0;1;2;1
817;1;0;1;1;1;0
818;0;1;0;1;2;0
819;0;0;1;0;3;0
820;0;1;0;1;1;1
821;0;0;1;1;1;1
822;0;0;1;2;1;0
823;0;0;0;1;1;2
824;0;1;0;1;1;1
825;0;0;1;1;1;1
826;0;0;0;1;3;0
827;0;2;1;0;0;1
828;0;0;0;1;2;1
829;0;0;0;1;1;2
830;0;1;1;0;2;0
831;0;0;0;1;2;1
832;0;2;0;0;1;1
833;0;0;2;0;2;0
834;1;1;0;0;0;2
835;0;1;0;1;0;2
836;1;0;0;0;2;1
837;1;0;0;1;0;2
838;1;1;0;1;0;1
839;0;1;1;2;0;0
840;0;0;1;1;1;1
841;1;0;1;1;0;1
842;0;0;0;0;2;2
843;0;0;0;2;0;2
844;0;1;0;0;2;1
845;1;0;0;1;1;1
846;1;0;1;1;1;0
847;0;0;0;2;0;2
848;0;0;0;1;1;2
849;0;0;0;2;1;1
850;0;1;0;0;0;3
851;0;0;2;0;1;1
852;0;0;0;0;2;2
853;0;1;0;1;0;2
854;1;0;0;1;0;2
855;0;1;0;3;0;0
856;0;0;0;2;1;1
857;0;0;2;1;0;1
858;0;0;1;1;2;0
859;0;1;0;0;1;2
860;0;0;0;0;3;1
861;0;0;1;1;2;0
862;1;0;1;0;1;1
863;0;0;0;0;2;2
864;0;1;1;1;0;1
865;0;0;0;0;3;1
866;0;0;0;0;3;1
867;1;1;0;0;1;1
868;0;0;1;1;1;1
869;0;0;1;2;1;0
870;0;0;1;0;0;3
871;0;1;1;0;2;0
872;0;0;1;1;1;1
873;1;0;1;1;1;0
874;0;0;1;1;2;0
875;0;0;1;2;0;1
876;1;1;0;0;1;1
877;0;1;0;0;1;2
878;0;1;0;1;1;1
879;0;0;1;0;3;0
880;0;0;1;0;1;2
881;0;0;0;1;2;1
882;0;0;0;1;1;2
883;1;0;0;1;0;2
884;0;0;0;1;2;1
885;0;0;1;0;1;2
886;0;0;1;1;1;1
887;0;2;0;0;2;0
888;0;1;2;0;0;1
889;0;0;0;0;2;2
890;0;1;0;0;2;1
891;0;1;0;0;1;2
892;0;0;1;0;1;2
893;1;1;0;0;1;1
894;0;1;0;1;2;0
895;0;0;0;0;2;2
896;0;0;2;0;1;1
897;0;0;0;0;3;1
898;0;0;1;0;1;2
899;0;1;0;1;1;1
900;0;0;1;0;2;1
901;1;1;0;0;0;2
902;1;1;1;0;0;1
903;0;0;0;0;2;2
904;1;0;0;1;2;0
905;0;0;0;1;2;1
906;0;0;1;0;1;2
907;0;0;0;1;1;2
908;0;1;0;1;1;1
909;0;1;1;2;0;0
910;0;0;1;0;1;2
911;0;1;0;1;2;0
912;0;0;0;2;0;2
913;0;0;1;0;1;2
914;1;0;0;1;1;1
915;1;0;0;2;1;0
916;0;0;0;2;2;0
917;0;1;0;1;1;1
918;0;0;1;1;1;1
919;0;0;0;1;2;1
920;0;0;0;2;2;0
921;0;0;1;0;2;1
922;0;1;0;2;0;1
923;0;0;0;3;0;1
924;0;0;0;2;1;1
925;0;0;0;0;2;2
926;0;1;1;1;1;0
927;0;1;0;0;2;1
928;0;0;1;1;0;2
929;0;0;0;0;3;1
930;0;0;0;0;2;2
931;1;0;0;2;0;1
932;0;0;0;0;2;2
933;0;1;1;0;2;0
934;0;0;1;1;1;1
935;1;0;1;0;1;1
936;0;0;0;0;3;1
937;0;0;0;1;0;3
938;0;1;1;0;2;0
939;0;1;0;0;2;1
940;1;0;0;1;0;2
941;0;1;1;0;1;1
942;0;1;1;0;2;0
943;0;0;1;1;1;1
944;1;0;0;1;2;0
945;0;1;0;1;2;0
946;0;0;1;0;1;2
947;0;0;0;1;1;2
948;1;0;0;3;0;0
949;0;0;1;1;0;2
950;0;0;1;2;0;1
951;0;0;2;1;1;0
952;0;0;1;0;2;1
953;1;0;0;2;1;0
954;0;0;1;0;0;3
955;0;1;0;1;1;1
956;0;0;0;0;2;2
957;0;1;1;0;1;1
958;0;0;0;1;2;1
959;0;1;0;2;1;0
960;0;0;0;1;0;3
961;0;0;1;0;2;1
962;0;1;1;0;2;0
963;0;0;0;1;2;1
964;0;0;0;0;2;2
965;0;0;0;1;3;0
966;0;1;2;0;0;1
967;0;0;0;3;0;1
968;0;0;0;0;2;2
969;1;1;1;0;0;1
970;0;0;2;0;0;2
971;1;0;0;1;0;2
972;0;0;1;1;2;0
973;0;0;0;0;1;3
974;0;1;0;1;2;0
975;0;0;1;1;1;1
976;0;0;1;1;2;0
977;0;0;1;1;1;1
978;1;0;0;2;0;1
979;0;0;1;2;1;0
980;0;1;0;1;1;1
981;0;0;1;1;1;1
982;0;0;1;1;2;0
983;1;0;0;2;1;0
984;0;1;0;2;1;0
985;0;1;1;1;0;1
986;0;0;0;2;0;2
987;0;1;0;0;3;0
988;0;0;0;1;2;1
989;0;0;0;0;3;1
990;0;1;0;1;1;1
991;1;1;0;1;0;1
992;0;0;0;2;1;1
993;0;0;0;2;1;1
994;0;0;0;2;2;0
995;1;2;0;1;0;0
996;0;1;0;0;2;1
997;0;0;0;1;2;1
998;0;0;1;0;1;2
999;0;0;0;1;3;0
1000;0;1;0;1;2;0
1001;0;0;1;0;2;1
1002;1;0;0;1;2;0
1003;0;0;2;0;0;2
1004;0;0;0;1;1;2
1005;0;0;0;1;2;1
1006;0;0;0;2;2;0
1007;0;1;1;0;1;1
1008;0;1;0;3;0;0
1009;1;1;0;1;1;0
1010;0;0;0;1;2;1
1011;0;0;0;1;0;3
1012;1;0;0;0;1;2
1013;0;1;2;1;0;0
1014;0;0;0;1;1;2
1015;0;0;0;0;3;1
1016;0;0;0;1;2;1
1017;1;1;1;1;0;0
1018;1;0;0;1;1;1
1019;0;2;0;1;1;0
1020;1;2;0;0;1;0
1021;0;0;1;1;0;2
1022;0;0;1;2;1;0
1023;0;0;0;1;1;2
1024;0;0;1;2;0;1
1025;0;0;0;2;1;1
1026;0;0;0;0;2;2
1027;0;0;0;0;2;2
1028;0;0;1;0;1;2
1029;0;0;0;0;2;2
1030;0;1;0;1;0;2
1031;0;1;1;0;0;2
1032;0;0;0;0;3;1
1033;0;1;0;2;0;1
1034;0;0;1;0;0;3
1035;0;2;1;0;1;0
1036;0;0;0;1;1;2
1037;0;2;1;0;1;0
1038;0;0;0;1;1;2
1039;1;0;2;0;0;1
1040;0;0;1;1;1;1
1041;0;0;0;0;3;1
1042;0;1;1;0;1;1
1043;0;1;1;1;1;0
1044;0;0;0;0;1;3
1045;0;1;0;0;1;2
1046;0;0;0;1;1;2
1047;0;0;1;1;1;1
1048;0;0;0;0;2;2
1049;0;0;1;0;1;2
1050;0;0;0;3;0;1
1051;0;0;0;1;0;3
1052;0;0;2;0;2;0
1053;0;0;0;0;2;2
1054;1;0;1;1;0;1
1055;0;0;0;1;0;3
1056;0;0;0;1;1;2
1057;0;0;0;1;2;1
1058;1;0;0;1;2;0
1059;0;1;0;1;2;0
1060;0;0;0;2;1;1
1061;0;0;1;1;1;1
1062;0;0;0;1;1;2
1063;0;1;1;0;0;2
1064;0;0;0;0;2;2
1065;0;1;1;0;0;2
1066;0;1;0;2;0;1
1067;0;0;0;1;0;3
1068;0;0;1;1;0;2
1069;0;1;0;1;1;1
1070;0;0;1;2;0;1
1071;0;0;1;2;0;1
1072;0;0;0;0;2;2
1073;0;0;0;2;1;1
1074;1;0;0;1;0;2
1075;1;0;0;1;0;2
1076;0;0;1;1;1;1
1077;0;1;0;0;2;1
1078;0;0;1;2;0;1
1079;0;0;1;2;0;1
1080;0;1;0;0;2;1
1081;0;0;0;0;4;0
1082;0;0;0;1;1;2
1083;0;0;0;0;1;3
1084;0;0;1;2;1;0
1085;0;1;0;1;1;1
1086;0;0;0;1;3;0
1087;0;1;0;0;2;1
1088;1;0;1;0;1;1
1089;0;1;0;0;2;1
1090;0;0;1;0;1;2
1091;0;0;0;1;1;2
1092;0;0;1;2;1;0
1093;0;0;2;1;0;1
1094;0;1;0;2;0;1
1095;0;1;0;1;2;0
1096;0;0;1;1;0;2
1097;0;0;1;0;2;1
1098;0;0;1;1;1;1
1099;0;0;0;3;0;1
1100;0;0;0;2;1;1
1101;0;0;0;2;1;1
1102;0;1;2;0;1;0
1103;0;0;1;1;2;0
1104;0;1;1;1;1;0
1105;0;0;0;0;2;2
1106;0;0;0;0;2;2
1107;0;1;0;0;1;2
1108;0;0;1;1;2;0
1109;1;0;1;1;0;1
1110;0;0;0;0;1;3
1111;1;1;2;0;0;0
1112;0;0;2;1;0;1
1113;0;0;0;0;2;2
1114;0;0;0;3;1;0
1115;0;1;0;0;3;0
1116;0;0;1;1;1;1
1117;0;0;1;2;0;1
1118;0;0;1;2;0;1
1119;0;0;1;2;1;0
1120;0;1;1;1;0;1
1121;0;0;0;0;3;1
1122;0;0;0;2;2;0
1123;0;0;0;0;3;1
1124;0;0;0;0;1;3
1125;1;0;0;0;1;2
1126;0;0;0;3;0;1
1127;0;0;0;1;1;2
1128;0;0;0;0;1;3
1129;0;1;0;2;0;1
1130;0;0;1;2;1;0
1131;1;0;0;0;2;1
1132;0;0;0;2;1;1
1133;0;1;0;1;1;1
1134;0;0;1;0;3;0
1135;0;0;0;2;1;1
1136;0;0;0;0;1;3
1137;0;0;1;1;2;0
1138;0;1;1;1;1;0
1139;0;0;1;1;0;2
1140;0;0;1;1;1;1
1141;0;0;0;0;1;3
1142;0;2;1;0;1;0
1143;0;0;1;1;2;0
1144;0;0;1;1;1;1
1145;0;0;0;2;1;1
1146;0;0;0;2;0;2
1147;1;0;0;0;0;3
1148;0;0;0;1;3;0
1149;0;1;1;0;2;0
1150;0;0;0;2;1;1
1151;0;0;0;0;0;4
1152;1;1;0;2;0;0
1153;0;0;2;0;0;2
1154;1;1;0;0;1;1
1155;0;2;0;0;0;2
1156;0;1;1;2;0;0
1157;0;0;0;2;2;0
1158;0;0;0;2;0;2
1159;0;0;1;2;1;0
1160;0;0;1;2;1;0
1161;0;0;3;1;0;0
1162;0;1;0;1;2;0
1163;0;1;0;2;1;0
1164;0;1;0;2;0;1
1165;1;0;0;1;2;0
1166;0;0;0;2;2;0
1167;1;0;1;1;0;1
1168;0;0;0;1;1;2
1169;0;1;0;1;1;1
1170;0;0;1;0;2;1
1171;0;1;0;0;1;2
1172;0;0;0;1;1;2
1173;0;0;1;1;2;0
1174;0;0;2;1;0;1
1175;0;0;0;1;2;1
1176;0;1;0;0;2;1
1177;0;0;0;1;3;0
1178;1;1;0;0;0;2
1179;0;0;1;1;1;1
1180;0;0;0;2;2;0
1181;0;0;0;0;2;2
1182;0;1;1;1;0;1
1183;1;0;0;1;1;1
1184;1;0;0;0;1;2
1185;1;0;0;1;2;0
1186;1;1;0;0;0;2
1187;0;0;0;2;1;1
1188;0;0;2;1;1;0
1189;0;1;0;2;1;0
1190;0;0;0;3;0;1
1191;0;0;1;2;0;1
1192;0;1;0;1;1;1
1193;0;0;1;2;1;0
1194;0;1;0;1;1;1
1195;0;0;0;2;1;1
1196;0;1;1;0;0;2
1197;0;0;0;1;2;1
1198;0;0;0;0;1;3
1199;0;0;0;0;1;3
1200;0;0;2;1;1;0
1201;0;1;1;1;0;1
1202;1;0;0;1;0;2
1203;1;0;1;0;0;2
1204;1;0;0;1;0;2
1205;0;0;0;2;1;1
1206;0;1;0;3;0;0
1207;0;0;1;1;1;1
1208;0;0;1;0;1;2
1209;0;0;0;1;1;2
1210;0;0;0;1;3;0
1211;0;0;1;0;2;1
1212;0;0;1;2;1;0
1213;1;0;2;1;0;0
1214;0;0;1;0;1;2
1215;1;0;2;1;0;0
1216;0;0;1;1;2;0
1217;0;0;1;2;0;1
1218;1;1;0;0;1;1
1219;0;1;0;2;1;0
1220;0;0;0;1;2;1
1221;0;0;0;0;1;3
1222;0;0;1;0;2;1
1223;1;0;1;0;0;2
1224;1;0;0;1;0;2
1225;0;1;1;0;2;0
1226;0;0;1;0;2;1
1227;1;0;0;1;2;0
1228;0;0;0;2;1;1
1229;0;0;0;1;2;1
1230;0;0;0;1;1;2
1231;0;1;0;0;2;1
1232;0;0;2;1;0;1
1233;0;0;1;1;1;1
1234;0;0;0;1;2;1
1235;0;1;1;0;1;1
1236;0;1;0;1;1;1
1237;0;1;1;1;1;0
1238;0;0;2;0;0;2
1239;0;0;1;2;1;0
1240;0;1;0;1;1;1
1241;0;0;2;0;1;1
1242;1;1;0;0;2;0
1243;1;1;1;1;0;0
1244;0;0;1;1;1;1
1245;0;0;0;1;1;2
1246;0;0;0;0;3;1
1247;0;1;0;1;2;0
1248;0;0;0;0;2;2
1249;0;0;0;0;1;3
1250;0;0;1;0;2;1
1251;0;0;1;0;2;1
1252;0;0;1;1;0;2
1253;0;1;1;1;1;0
1254;0;0;0;0;2;2
1255;0;0;1;2;0;1
1256;0;0;1;2;0;1
1257;0;0;1;0;3;0
1258;0;0;1;1;0;2
1259;0;0;2;1;0;1
1260;0;1;0;1;0;2
1261;0;0;0;2;1;1
1262;0;0;0;0;2;2
1263;1;1;0;0;2;0
1264;0;0;1;1;1;1
1265;0;0;0;0;2;2
1266;0;0;1;1;1;1
1267;0;1;0;1;1;1
1268;0;1;0;2;0;1
1269;1;1;0;1;1;0
1270;1;1;0;1;1;0
1271;0;1;0;0;0;3
1272;0;1;2;0;1;0
1273;0;0;0;1;0;3
1274;1;0;1;1;0;1
1275;0;0;0;0;3;1
1276;0;1;0;0;1;2
1277;0;0;1;0;1;2
1278;0;1;0;0;1;2
1279;0;0;0;1;1;2
1280;0;1;0;0;3;0
1281;0;0;1;1;0;2
1282;0;0;1;2;0;1
1283;0;0;1;2;1;0
1284;0;0;0;1;1;2
1285;0;0;0;2;0;2
1286;0;0;1;0;1;2
1287;0;0;0;2;2;0
1288;0;0;0;2;0;2
1289;0;0;0;2;1;1
1290;0;0;2;1;1;0
1291;0;1;0;2;0;1
1292;0;0;3;1;0;0
1293;0;1;1;0;1;1
1294;1;0;0;1;0;2
1295;0;1;2;1;0;0
1296;1;0;0;0;1;2
1297;0;0;0;1;1;2
1298;0;0;0;2;1;1
1299;0;1;1;2;0;0
1300;0;0;0;1;2;1
1301;0;1;2;0;0;1
1302;1;0;1;0;1;1
1303;1;0;0;1;0;2
1304;0;0;0;1;2;1
1305;0;0;0;1;1;2
1306;1;0;0;0;0;3
1307;0;0;0;2;1;1
1308;0;0;1;1;1;1
1309;1;1;0;2;0;0
1310;0;1;1;1;1;0
1311;0;0;0;1;2;1
1312;1;0;1;1;1;0
1313;0;0;1;3;0;0
1314;0;1;0;1;1;1
1315;0;0;0;0;2;2
1316;0;0;0;1;0;3
1317;0;1;0;0;1;2
1318;0;0;0;2;0;2
1319;1;0;0;0;1;2
1320;0;1;1;1;0;1
1321;1;0;2;1;0;0
1322;0;1;0;0;2;1
1323;0;1;1;1;1;0
1324;1;1;0;0;2;0
1325;0;1;0;1;1;1
1326;0;1;0;1;1;1
1327;0;1;0;0;3;0
1328;0;0;0;2;1;1
1329;0;1;0;0;2;1
1330;0;0;1;1;0;2
1331;0;0;0;1;2;1
1332;0;1;0;0;1;2
1333;0;0;1;1;1;1
1334;0;0;0;1;1;2
1335;0;0;1;2;0;1
1336;0;0;0;2;0;2
1337;0;0;0;2;1;1
1338;0;2;1;0;1;0
1339;0;2;1;1;0;0
1340;0;0;0;2;1;1
1341;0;0;0;2;1;1
1342;0;0;0;1;2;1
1343;0;1;1;0;1;1
1344;0;0;1;1;0;2
1345;0;0;1;0;1;2
1346;0;0;0;2;2;0
1347;0;0;0;3;0;1
1348;0;0;1;1;2;0
1349;0;1;1;1;0;1
1350;0;0;0;2;0;2
1351;0;1;0;0;0;3
1352;0;0;1;1;1;1
1353;0;0;1;1;0;2
1354;0;0;0;2;1;1
1355;0;0;0;0;2;2
1356;0;0;1;1;0;2
1357;0;0;1;1;0;2
1358;0;0;0;1;1;2
1359;0;0;0;0;2;2
1360;0;0;0;1;2;1
1361;0;0;1;1;1;1
1362;0;0;1;1;2;0
1363;0;0;1;3;0;0
1364;0;0;1;1;1;1
1365;0;0;1;0;1;2
1366;0;0;1;0;1;2
1367;0;0;0;0;2;2
1368;0;0;0;0;1;3
1369;1;0;0;0;1;2
1370;0;0;2;0;0;2
1371;0;0;1;2;0;1
1372;0;0;0;2;0;2
1373;1;0;0;1;1;1
1374;0;0;0;1;1;2
1375;1;0;0;1;0;2
1376;0;0;0;2;1;1
1377;0;1;1;0;1;1
1378;0;1;0;1;0;2
1379;0;0;0;1;1;2
1380;0;0;0;1;2;1
1381;0;0;0;1;2;1
1382;0;1;1;1;1;0
1383;0;0;0;1;2;1
1384;0;0;1;1;2;0
1385;0;0;1;1;0;2
1386;1;0;0;0;2;1
1387;0;0;1;1;2;0
1388;0;0;0;2;1;1
1389;0;1;1;0;1;1
1390;1;0;1;0;0;2
1391;0;0;0;1;2;1
1392;0;0;1;1;1;1
1393;0;0;0;1;2;1
1394;1;0;1;1;1;0
1395;1;0;0;0;2;1
1396;0;1;0;0;2;1
1397;0;0;0;1;1;2
1398;0;1;2;0;0;1
1399;0;0;0;3;1;0
1400;0;0;0;1;3;0
1401;1;0;0;0;2;1
1402;0;1;1;1;0;1
1403;0;0;0;2;0;2
1404;0;0;0;1;2;1
1405;0;0;1;1;2;0
1406;0;0;0;1;1;2
1407;0;0;1;0;1;2
1408;1;0;0;2;1;0
1409;0;0;0;2;0;2
1410;1;0;1;0;0;2
1411;0;1;1;0;1;1
1412;1;2;0;0;1;0
1413;1;0;0;0;2;1
1414;0;0;0;2;2;0
1415;1;1;1;0;1;0
1416;0;0;0;1;2;1
1417;1;1;0;1;1;0
1418;1;0;1;1;0;1
1419;0;0;0;2;1;1
1420;0;0;0;0;2;2
1421;0;1;0;0;0;3
1422;0;1;0;1;0;2
1423;0;0;0;1;1;2
1424;0;0;0;1;1;2
1425;1;0;0;1;1;1
1426;1;1;2;0;0;0
1427;0;0;0;0;3;1
1428;0;0;0;1;2;1
1429;0;0;0;1;1;2
1430;0;0;1;1;0;2
1431;0;0;0;2;2;0
1432;0;0;1;2;0;1
1433;0;2;0;1;1;0
1434;0;1;2;1;0;0
1435;0;1;0;1;2;0
1436;0;0;0;1;2;1
1437;0;0;0;2;1;1
1438;0;0;0;0;2;2
1439;0;1;2;0;0;1
1440;0;1;2;0;1;0
1441;0;1;0;1;1;1
1442;0;0;1;2;0;1
1443;0;0;0;1;2;1
1444;0;0;2;0;1;1
1445;0;1;1;0;1;1
1446;0;0;0;0;1;3
1447;0;0;1;0;1;2
1448;0;0;2;1;0;1
1449;1;1;1;1;0;0
1450;0;0;1;1;1;1
1451;1;2;0;0;0;1
1452;0;0;1;2;0;1
1453;0;0;1;0;2;1
1454;0;0;1;2;0;1
1455;0;0;0;1;1;2
1456;0;2;0;0;1;1
1457;0;0;0;1;2;1
1458;1;0;0;1;1;1
1459;0;0;1;0;2;1
1460;0;0;1;0;0;3
1461;0;0;0;1;2;1
1462;0;0;1;0;0;3
1463;0;1;1;1;0;1
1464;0;0;0;0;2;2
1465;0;0;1;1;0;2
1466;0;1;0;0;0;3
1467;0;0;0;1;2;1
1468;0;0;1;3;0;0
1469;0;0;1;1;0;2
1470;1;0;0;2;0;1
1471;0;1;1;2;0;0
1472;0;2;0;1;1;0
1473;0;1;1;1;0;1
1474;0;0;0;1;1;2
1475;0;0;1;1;1;1
1476;0;1;0;0;2;1
1477;0;0;0;0;3;1
1478;0;1;0;2;1;0
1479;0;0;0;1;0;3
1480;1;0;0;0;0;3
1481;0;0;1;1;1;1
1482;0;0;0;3;0;1
1483;0;0;0;2;0;2
1484;0;0;3;1;0;0
1485;0;1;0;1;2;0
1486;1;0;0;0;2;1
1487;0;0;1;1;0;2
1488;0;1;1;0;1;1
1489;0;0;1;0;1;2
1490;0;1;0;1;0;2
1491;0;0;0;1;2;1
1492;0;0;0;1;2;1
1493;0;0;1;0;1;2
1494;0;0;1;2;1;0
1495;0;0;0;0;2;2
1496;0;0;1;2;0;1
1497;0;0;1;2;0;1
1498;0;0;1;1;2;0
1499;0;0;0;2;0;2
1500;0;0;2;1;1;0
