Runde;EINS;ZWEI;DREI;VIER;FUENF;SECHS
1;1;2;0;0;0;1
2;0;1;1;1;1;0
3;1;0;2;0;0;1
4;2;0;0;1;1;0
5;1;2;1;0;0;0
6;2;0;0;2;0;0
7;1;1;1;0;0;1
8;0;2;1;0;1;0
9;1;2;0;0;0;1
10;0;2;0;1;1;0
11;1;0;0;1;1;1
12;1;0;3;0;0;0
13;0;1;3;0;0;0
14;0;0;1;2;1;0
15;2;1;0;0;1;0
16;1;2;0;0;1;0
17;0;1;3;0;0;0
18;1;2;0;0;1;0
19;1;0;0;2;1;0
20;1;1;1;0;1;0
21;0;1;0;2;1;0
22;2;1;1;0;0;0
23;1;1;0;1;0;1
24;1;1;0;0;1;1
25;1;1;1;0;1;0
26;1;0;1;2;0;0
27;0;2;0;2;0;0
28;2;0;1;0;1;0
29;2;2;0;0;0;0
30;0;0;1;1;1;1
31;1;1;2;0;0;0
32;1;2;1;0;0;0
33;2;0;2;0;0;0
34;1;2;1;0;0;0
35;1;1;2;0;0;0
36;1;1;2;0;0;0
37;0;1;2;0;0;1
38;2;2;0;0;0;0
39;2;1;1;0;0;0
40;1;2;0;0;0;1
41;2;2;0;0;0;0
42;0;2;1;1;0;0
43;1;0;1;2;0;0
44;0;1;3;0;0;0
45;3;0;0;1;0;0
46;0;0;2;1;1;0
47;0;1;1;1;1;0
48;0;1;2;1;0;0
49;1;0;1;1;1;0
50;2;1;1;0;0;0
51;2;1;0;0;1;0
52;1;0;1;1;1;0
53;1;2;0;1;0;0
54;2;0;0;1;0;1
55;1;1;2;0;0;0
56;0;2;1;1;0;0
57;2;2;0;0;0;0
58;0;1;1;2;0;0
59;1;2;1;0;0;0
60;0;2;1;0;1;0
61;1;2;0;1;0;0
62;1;1;1;1;0;0
63;1;2;0;0;1;0
64;1;1;0;0;1;1
65;1;1;1;0;1;0
66;2;1;1;0;0;0
67;0;1;2;0;1;0
68;2;1;0;0;0;1
69;1;1;1;0;1;0
70;1;0;2;1;0;0
71;0;2;1;1;0;0
72;1;0;0;1;1;1
73;2;0;1;0;0;1
74;1;1;1;0;1;0
75;1;2;1;0;0;0
76;2;1;0;1;0;0
77;1;1;0;1;1;0
78;0;2;0;1;1;0
79;1;1;1;1;0;0
80;0;1;1;1;1;0
81;1;0;1;2;0;0
82;1;1;0;2;0;0
83;2;1;0;0;1;0
84;2;1;0;1;0;0
85;2;0;1;0;1;0
86;3;0;0;1;0;0
87;2;1;1;0;0;0
88;0;0;1;2;1;0
89;1;2;1;0;0;0
90;0;1;1;1;0;1
91;0;1;2;1;0;0
92;1;1;0;1;1;0
93;2;1;1;0;0;0
94;1;1;0;1;1;0
95;1;0;2;1;0;0
96;3;0;1;0;0;0
97;3;1;0;0;0;0
98;0;0;1;2;0;1
99;2;1;1;0;0;0
100;1;0;2;0;1;0
101;1;1;0;2;0;0
102;2;1;0;1;0;0
103;0;1;2;1;0;0
104;2;1;1;0;0;0
105;2;2;0;0;0;0
106;0;1;0;1;2;0
107;1;1;1;1;0;0
108;2;0;1;0;1;0
109;1;0;1;0;1;1
110;1;1;0;1;1;0
111;2;2;0;0;0;0
112;1;1;1;1;0;0
113;2;0;2;0;0;0
114;2;1;0;0;1;0
115;3;0;0;0;0;1
116;1;1;1;1;0;0
117;1;1;1;1;0;0
118;1;2;1;0;0;0
119;0;1;2;0;1;0
120;0;2;2;0;0;0
121;1;2;0;1;0;0
122;0;2;1;0;0;1
123;1;1;1;1;0;0
124;1;1;2;0;0;0
125;1;1;0;0;2;0
126;3;1;0;0;0;0
127;2;1;1;0;0;0
128;0;3;1;0;0;0
129;1;1;2;0;0;0
130;0;3;0;0;1;0
131;0;1;2;1;0;0
132;1;2;1;0;0;0
133;1;2;1;0;0;0
134;0;0;1;1;2;0
135;1;0;2;0;1;0
136;1;1;1;1;0;0
137;0;2;2;0;0;0
138;1;0;2;0;0;1
139;1;0;3;0;0;0
140;1;2;1;0;0;0
141;1;0;1;2;0;0
142;2;0;2;0;0;0
143;1;2;1;0;0;0
144;1;1;1;1;0;0
145;1;0;1;1;1;0
146;1;0;1;2;0;0
147;1;1;1;1;0;0
148;0;1;1;0;1;1
149;2;1;0;1;0;0
150;0;2;1;0;1;0
151;2;0;1;0;0;1
152;0;3;1;0;0;0
153;0;0;1;2;1;0
154;2;1;0;1;0;0
155;0;1;1;2;0;0
156;1;1;2;0;0;0
157;0;3;1;0;0;0
158;0;0;4;0;0;0
159;0;2;1;0;1;0
160;0;0;2;0;2;0
161;0;2;1;0;1;0
162;1;1;0;0;1;1
163;2;1;0;1;0;0
164;1;0;2;0;1;0
165;1;1;2;0;0;0
166;1;3;0;0;0;0
167;1;0;0;2;1;0
168;2;2;0;0;0;0
169;0;4;0;0;0;0
170;2;1;1;0;0;0
171;1;0;1;0;2;0
172;2;0;1;1;0;0
173;2;1;1;0;0;0
174;0;2;1;1;0;0
175;0;1;2;1;0;0
176;3;1;0;0;0;0
177;1;1;0;1;1;0
178;1;1;0;1;0;1
179;2;1;1;0;0;0
180;1;2;1;0;0;0
181;0;2;0;1;1;0
182;1;1;0;2;0;0
183;1;1;0;1;1;0
184;1;1;0;1;1;0
185;1;1;1;0;1;0
186;2;0;1;1;0;0
187;1;1;2;0;0;0
188;0;1;1;0;1;1
189;0;2;1;0;1;0
190;2;1;1;0;0;0
191;1;2;0;0;1;0
192;1;1;1;0;1;0
193;0;3;0;0;1;0
194;2;1;0;0;1;0
195;1;2;0;0;1;0
196;2;1;0;0;1;0
197;0;1;1;1;1;0
198;3;0;1;0;0;0
199;0;0;2;2;0;0
200;1;1;1;0;0;1
201;1;1;2;0;0;0
202;1;2;1;0;0;0
203;1;1;1;0;0;1
204;2;2;0;0;0;0
205;1;0;1;1;1;0
206;0;1;1;0;1;1
207;3;0;1;0;0;0
208;2;0;1;1;0;0
209;2;2;0;0;0;0
210;1;1;0;1;1;0
211;2;0;1;1;0;0
212;0;3;0;1;0;0
213;3;0;1;0;0;0
214;2;2;0;0;0;0
215;1;0;1;1;1;0
216;1;0;2;1;0;0
217;0;0;4;0;0;0
218;2;0;1;0;0;1
219;1;3;0;0;0;0
220;1;1;0;2;0;0
221;2;0;1;1;0;0
222;1;2;1;0;0;0
223;0;4;0;0;0;0
224;3;0;0;0;0;1
225;2;2;0;0;0;0
226;0;2;1;1;0;0
227;1;1;1;0;1;0
228;3;1;0;0;0;0
229;2;0;2;0;0;0
230;1;0;2;1;0;0
231;1;1;1;0;0;1
232;1;0;0;1;1;1
233;2;1;0;0;1;0
234;1;1;1;0;1;0
235;1;2;0;1;0;0
236;0;2;1;0;1;0
237;2;2;0;0;0;0
238;2;0;0;1;1;0
239;1;1;1;1;0;0
240;2;2;0;0;0;0
241;1;1;1;1;0;0
242;2;2;0;0;0;0
243;1;2;0;1;0;0
244;2;1;1;0;0;0
245;2;1;1;0;0;0
246;3;1;0;0;0;0
247;1;1;1;0;0;1
248;2;0;1;1;0;0
249;2;1;1;0;0;0
250;3;0;0;0;1;0
251;0;2;1;1;0;0
252;1;0;2;1;0;0
253;2;1;0;1;0;0
254;0;1;0;1;1;1
255;2;1;1;0;0;0
256;1;0;1;1;0;1
257;1;1;1;0;1;0
258;3;0;1;0;0;0
259;2;1;1;0;0;0
260;0;1;1;1;1;0
261;0;2;1;0;1;0
262;1;1;1;0;0;1
263;2;0;1;0;1;0
264;0;3;0;0;1;0
265;1;1;2;0;0;0
266;1;0;1;1;0;1
267;1;0;1;2;0;0
268;2;1;0;0;0;1
269;1;0;1;1;1;0
270;1;0;1;2;0;0
271;0;2;1;1;0;0
272;3;0;1;0;0;0
273;3;0;1;0;0;0
274;1;2;1;0;0;0
275;0;1;1;1;0;1
276;4;0;0;0;0;0
277;1;0;1;0;2;0
278;1;1;1;0;1;0
279;0;0;2;0;1;1
280;0;1;2;0;0;1
281;1;1;1;0;1;0
282;3;1;0;0;0;0
283;1;0;1;1;0;1
284;1;1;0;2;0;0
285;0;1;1;0;2;0
286;1;1;0;2;0;0
287;0;2;0;1;1;0
288;2;2;0;0;0;0
289;1;1;1;1;0;0
290;0;3;0;0;1;0
291;1;1;0;1;1;0
292;1;1;0;1;1;0
293;3;0;0;1;0;0
294;1;1;0;1;1;0
295;2;1;1;0;0;0
296;1;0;3;0;0;0
297;2;1;1;0;0;0
298;1;0;1;0;1;1
299;2;0;1;0;0;1
300;2;1;1;0;0;0
301;1;0;2;0;1;0
302;3;1;0;0;0;0
303;1;2;1;0;0;0
304;0;1;1;2;0;0
305;0;1;2;1;0;0
306;1;3;0;0;0;0
307;0;2;1;1;0;0
308;1;2;0;1;0;0
309;0;0;1;1;1;1
310;2;0;0;2;0;0
311;1;0;1;2;0;0
312;0;1;0;1;2;0
313;2;1;1;0;0;0
314;1;1;1;0;1;0
315;2;1;1;0;0;0
316;1;1;1;0;0;1
317;0;0;1;0;2;1
318;0;0;2;1;1;0
319;0;1;1;1;1;0
320;4;0;0;0;0;0
321;2;2;0;0;0;0
322;2;1;0;1;0;0
323;0;1;1;1;1;0
324;1;2;1;0;0;0
325;0;1;1;1;1;0
326;1;0;1;1;1;0
327;2;1;0;0;1;0
328;1;2;1;0;0;0
329;1;1;2;0;0;0
330;1;0;1;0;1;1
331;0;2;2;0;0;0
332;0;1;1;2;0;0
333;3;0;1;0;0;0
334;1;2;1;0;0;0
335;1;1;1;0;1;0
336;1;1;0;0;1;1
337;2;1;0;1;0;0
338;0;1;2;1;0;0
339;1;1;0;0;2;0
340;0;2;0;2;0;0
341;1;1;1;0;1;0
342;0;1;3;0;0;0
343;0;1;3;0;0;0
344;0;1;1;1;1;0
345;1;0;3;0;0;0
346;1;1;0;0;1;1
347;1;3;0;0;0;0
348;2;1;0;0;1;0
349;1;1;2;0;0;0
350;0;2;0;0;1;1
351;0;1;2;1;0;0
352;2;1;0;0;1;0
353;1;1;1;1;0;0
354;3;0;1;0;0;0
355;2;1;0;1;0;0
356;1;2;0;1;0;0
357;1;2;0;0;1;0
358;0;2;0;0;1;1
359;1;1;1;0;1;0
360;1;1;2;0;0;0
361;1;1;2;0;0;0
362;2;1;0;0;1;0
363;0;2;1;1;0;0
364;0;2;1;1;0;0
365;1;2;0;1;0;0
366;1;0;0;2;1;0
367;2;2;0;0;0;0
368;2;0;1;1;0;0
369;2;0;1;1;0;0
370;1;2;1;0;0;0
371;0;2;2;0;0;0
372;1;0;1;0;1;1
373;0;3;0;0;1;0
374;0;2;2;0;0;0
375;2;2;0;0;0;0
376;0;1;3;0;0;0
377;2;1;1;0;0;0
378;3;0;0;1;0;0
379;2;2;0;0;0;0
380;1;1;0;1;1;0
381;1;1;1;0;0;1
382;1;0;2;1;0;0
383;1;1;2;0;0;0
384;1;1;2;0;0;0
385;2;2;0;0;0;0
386;3;1;0;0;0;0
387;4;0;0;0;0;0
388;2;0;1;1;0;0
389;2;0;2;0;0;0
390;1;2;1;0;0;0
391;0;2;1;1;0;0
392;1;1;1;1;0;0
393;1;1;2;0;0;0
394;2;0;1;0;0;1
395;1;1;1;1;0;0
396;3;0;0;1;0;0
397;2;0;1;1;0;0
398;2;0;1;0;0;1
399;1;1;2;0;0;0
400;0;1;2;1;0;0
401;1;2;0;1;0;0
402;0;0;2;0;1;1
403;3;1;0;0;0;0
404;1;0;1;2;0;0
405;3;0;1;0;0;0
406;1;0;1;1;0;1
407;0;3;0;1;0;0
408;1;1;0;2;0;0
409;2;0;0;1;1;0
410;0;1;0;2;1;0
411;2;2;0;0;0;0
412;1;1;1;1;0;0
413;1;2;0;0;1;0
414;2;0;0;2;0;0
415;1;2;1;0;0;0
416;2;1;1;0;0;0
417;2;1;0;0;0;1
418;1;0;2;1;0;0
419;1;1;0;1;1;0
420;1;1;2;0;0;0
421;1;0;2;1;0;0
422;2;1;0;1;0;0
423;1;1;2;0;0;0
424;1;0;2;0;0;1
425;2;2;0;0;0;0
426;1;1;0;1;1;0
427;2;1;0;0;1;0
428;1;1;2;0;0;0
429;2;0;0;1;1;0
430;2;1;0;0;1;0
431;2;1;0;0;1;0
432;0;0;0;2;1;1
433;1;1;1;1;0;0
434;0;1;1;2;0;0
435;1;2;0;1;0;0
436;0;0;3;1;0;0
437;2;2;0;0;0;0
438;0;3;0;1;0;0
439;0;4;0;0;0;0
440;2;1;0;0;1;0
441;1;2;0;0;1;0
442;0;2;2;0;0;0
443;2;1;1;0;0;0
444;3;1;0;0;0;0
445;2;1;0;0;1;0
446;3;0;0;0;1;0
447;2;0;1;0;0;1
448;0;1;1;1;1;0
449;2;2;0;0;0;0
450;0;1;1;1;1;0
451;1;0;1;1;1;0
452;0;1;2;1;0;0
453;0;1;2;1;0;0
454;1;2;1;0;0;0
455;1;1;0;0;2;0
456;2;1;1;0;0;0
457;1;0;1;1;1;0
458;1;1;1;0;0;1
459;1;3;0;0;0;0
460;1;2;1;0;0;0
461;2;0;1;0;0;1
462;3;1;0;0;0;0
463;1;0;0;1;1;1
464;0;3;1;0;0;0
465;2;0;1;0;1;0
466;2;1;0;1;0;0
467;1;2;1;0;0;0
468;2;1;0;0;0;1
469;0;1;3;0;0;0
470;0;3;1;0;0;0
471;0;3;1;0;0;0
472;1;3;0;0;0;0
473;1;0;1;2;0;0
474;0;2;2;0;0;0
475;1;2;0;0;1;0
476;2;0;0;1;0;1
477;0;1;0;1;2;0
478;1;1;1;1;0;0
479;1;1;1;0;1;0
480;0;3;1;0;0;0
481;0;0;1;2;1;0
482;2;1;0;1;0;0
483;0;1;1;0;2;0
484;0;3;0;1;0;0
485;1;0;1;2;0;0
486;1;1;0;0;2;0
487;1;1;0;2;0;0
488;3;1;0;0;0;0
489;1;1;0;2;0;0
490;1;0;2;0;0;1
491;0;1;1;1;1;0
492;2;0;2;0;0;0
493;1;1;2;0;0;0
494;3;0;0;1;0;0
495;1;1;1;1;0;0
496;1;1;0;2;0;0
497;1;1;2;0;0;0
498;2;1;0;1;0;0
499;2;0;2;0;0;0
500;1;1;1;0;1;0
501;2;0;0;1;0;1
502;2;1;0;0;0;1
503;0;1;2;0;0;1
504;0;2;2;0;0;0
505;2;0;0;1;1;0
506;1;1;1;0;0;1
507;0;1;0;1;2;0
508;3;0;1;0;0;0
509;0;1;1;2;0;0
510;1;2;0;1;0;0
511;0;1;1;0;2;0
512;2;2;0;0;0;0
513;2;0;1;1;0;0
514;0;0;3;1;0;0
515;0;2;0;1;1;0
516;2;1;0;0;0;1
517;0;3;0;1;0;0
518;1;1;1;1;0;0
519;0;0;2;2;0;0
520;1;2;0;0;1;0
521;1;2;0;1;0;0
522;1;1;0;1;1;0
523;1;1;1;0;1;0
524;1;2;1;0;0;0
525;0;2;2;0;0;0
526;2;0;1;0;1;0
527;2;2;0;0;0;0
528;2;1;0;0;0;1
529;1;1;0;1;1;0
530;1;0;2;1;0;0
531;0;0;1;2;1;0
532;1;2;1;0;0;0
533;1;1;1;0;1;0
534;0;4;0;0;0;0
535;3;0;0;1;0;0
536;1;2;1;0;0;0
537;2;1;1;0;0;0
538;3;0;0;1;0;0
539;1;2;0;0;1;0
540;1;1;2;0;0;0
541;1;2;0;0;0;1
542;2;0;0;2;0;0
543;2;0;1;1;0;0
544;2;0;1;1;0;0
545;2;0;2;0;0;0
546;1;1;1;1;0;0
547;2;1;1;0;0;0
548;2;1;0;0;1;0
549;0;1;1;1;1;0
550;1;1;1;1;0;0
551;0;1;1;1;1;0
552;0;2;2;0;0;0
553;2;0;0;0;1;1
554;1;1;2;0;0;0
555;1;2;0;1;0;0
556;0;2;2;0;0;0
557;2;0;1;1;0;0
558;0;3;0;0;1;0
559;1;0;0;1;2;0
560;1;1;1;0;1;0
561;1;0;1;1;0;1
562;1;1;1;1;0;0
563;1;3;0;0;0;0
564;1;0;2;0;1;0
565;0;2;1;1;0;0
566;1;1;0;0;2;0
567;0;2;2;0;0;0
568;0;2;0;0;2;0
569;1;0;1;2;0;0
570;1;1;1;0;1;0
571;1;1;0;1;1;0
572;1;0;1;1;0;1
573;2;2;0;0;0;0
574;0;1;1;0;2;0
575;0;1;1;1;1;0
576;0;2;2;0;0;0
577;2;1;1;0;0;0
578;2;0;1;1;0;0
579;1;0;3;0;0;0
580;1;1;1;1;0;0
581;1;2;1;0;0;0
582;1;1;2;0;0;0
583;0;1;1;1;1;0
584;1;0;1;1;1;0
585;1;1;1;1;0;0
586;1;2;0;0;1;0
587;1;1;0;0;1;1
588;1;1;1;1;0;0
589;1;1;2;0;0;0
590;1;1;1;1;0;0
591;1;2;1;0;0;0
592;0;3;1;0;0;0
593;1;1;0;0;1;1
594;0;2;0;2;0;0
595;1;2;1;0;0;0
596;2;0;0;1;1;0
597;0;3;0;1;0;0
598;1;2;1;0;0;0
599;1;1;1;0;1;0
600;2;0;1;1;0;0
601;0;1;1;2;0;0
602;1;1;1;0;0;1
603;0;1;2;1;0;0
604;0;2;1;1;0;0
605;0;1;2;0;1;0
606;1;2;0;0;1;0
607;1;2;0;1;0;0
608;2;1;1;0;0;0
609;1;0;1;2;0;0
610;1;1;1;0;1;0
611;2;1;0;1;0;0
612;1;2;1;0;0;0
613;1;2;1;0;0;0
614;1;0;1;1;1;0
615;0;1;2;0;1;0
616;0;0;0;2;2;0
617;0;1;2;0;1;0
618;1;2;0;0;1;0
619;0;1;1;1;1;0
620;2;1;0;0;1;0
621;1;1;0;0;2;0
622;0;2;1;1;0;0
623;1;2;1;0;0;0
624;0;2;2;0;0;0
625;1;2;1;0;0;0
626;0;2;0;0;1;1
627;1;0;0;2;1;0
628;1;1;2;0;0;0
629;1;2;0;0;1;0
630;3;0;0;1;0;0
631;1;1;2;0;0;0
632;2;2;0;0;0;0
633;1;0;3;0;0;0
634;2;1;1;0;0;0
635;1;1;2;0;0;0
636;2;0;1;1;0;0
637;2;0;1;1;0;0
638;1;1;1;1;0;0
639;1;2;0;0;1;0
640;2;1;1;0;0;0
641;1;1;1;0;1;0
642;1;0;2;0;1;0
643;1;2;0;1;0;0
644;2;1;1;0;0;0
645;1;0;3;0;0;0
646;0;2;1;1;0;0
647;1;2;0;0;0;1
648;0;0;3;1;0;0
649;2;1;1;0;0;0
650;1;2;0;0;1;0
651;2;1;1;0;0;0
652;2;1;0;1;0;0
653;0;2;1;1;0;0
654;0;0;0;3;1;0
655;0;0;2;0;1;1
656;1;1;1;1;0;0
657;2;0;1;1;0;0
658;2;0;1;0;1;0
659;2;0;1;1;0;0
660;0;0;3;0;1;0
661;0;2;1;1;0;0
662;1;2;1;0;0;0
663;1;2;0;1;0;0
664;2;1;1;0;0;0
665;1;1;1;0;1;0
666;3;0;1;0;0;0
667;0;1;2;0;1;0
668;1;2;0;0;1;0
669;2;1;0;1;0;0
670;1;0;3;0;0;0
671;2;1;1;0;0;0
672;2;1;1;0;0;0
673;1;1;0;1;1;0
674;2;1;0;0;1;0
675;2;0;1;0;0;1
676;1;2;0;1;0;0
677;0;0;2;1;0;1
678;1;1;1;1;0;0
679;1;0;1;1;1;0
680;1;1;1;0;1;0
681;1;2;0;1;0;0
682;0;4;0;0;0;0
683;1;1;2;0;0;0
684;2;1;0;1;0;0
685;1;0;2;0;1;0
686;0;1;1;0;1;1
687;2;1;0;0;0;1
688;1;2;1;0;0;0
689;2;1;0;1;0;0
690;2;0;0;2;0;0
691;1;0;1;1;1;0
692;1;2;0;1;0;0
693;2;0;0;2;0;0
694;2;0;0;2;0;0
695;1;0;2;1;0;0
696;1;1;0;1;1;0
697;0;0;2;1;0;1
698;1;0;2;1;0;0
699;1;0;1;1;1;0
700;0;0;2;1;1;0
701;0;3;0;0;0;1
702;2;1;0;1;0;0
703;0;1;0;2;1;0
704;1;1;0;1;1;0
705;1;1;1;0;0;1
706;0;1;1;1;0;1
707;2;1;0;0;1;0
708;1;1;1;1;0;0
709;2;2;0;0;0;0
710;2;1;1;0;0;0
711;1;2;0;1;0;0
712;1;1;0;1;1;0
713;0;1;1;2;0;0
714;0;2;2;0;0;0
715;0;0;2;1;1;0
716;0;3;1;0;0;0
717;1;1;2;0;0;0
718;3;1;0;0;0;0
719;1;1;0;1;1;0
720;2;1;1;0;0;0
721;1;2;0;0;0;1
722;0;2;0;0;2;0
723;2;1;0;1;0;0
724;2;1;1;0;0;0
725;2;0;1;1;0;0
726;3;0;0;0;1;0
727;0;3;0;1;0;0
728;0;2;1;0;1;0
729;0;2;1;1;0;0
730;0;1;1;1;1;0
731;0;1;1;1;1;0
732;3;1;0;0;0;0
733;1;0;2;0;1;0
734;2;1;0;0;1;0
735;2;1;0;0;0;1
736;0;3;0;1;0;0
737;0;2;2;0;0;0
738;1;1;0;1;1;0
739;0;2;1;0;1;0
740;1;0;2;1;0;0
741;2;1;0;1;0;0
742;1;1;2;0;0;0
743;2;0;2;0;0;0
744;3;0;0;0;1;0
745;0;1;2;0;0;1
746;0;1;1;0;2;0
747;1;2;1;0;0;0
748;0;4;0;0;0;0
749;1;0;2;0;0;1
750;4;0;0;0;0;0
751;2;2;0;0;0;0
752;1;2;0;1;0;0
753;2;0;2;0;0;0
754;1;1;1;1;0;0
755;1;1;1;1;0;0
756;0;2;1;0;1;0
757;1;0;1;1;1;0
758;0;2;0;1;1;0
759;3;1;0;0;0;0
760;1;2;1;0;0;0
761;0;2;1;1;0;0
762;2;0;2;0;0;0
763;1;1;1;1;0;0
764;3;0;0;1;0;0
765;2;0;0;1;0;1
766;1;1;1;1;0;0
767;3;0;1;0;0;0
768;1;0;2;1;0;0
769;1;1;1;1;0;0
770;2;0;0;2;0;0
771;1;2;0;0;1;0
772;0;2;0;1;1;0
773;2;1;1;0;0;0
774;2;1;1;0;0;0
775;0;2;1;1;0;0
776;1;2;1;0;0;0
777;0;0;3;0;0;1
778;1;0;1;1;0;1
779;0;1;1;0;2;0
780;1;0;1;1;0;1
781;1;2;0;1;0;0
782;2;0;2;0;0;0
783;1;1;2;0;0;0
784;0;3;0;0;1;0
785;2;1;1;0;0;0
786;0;2;0;0;1;1
787;1;1;1;0;0;1
788;0;0;3;0;0;1
789;1;2;0;1;0;0
790;1;1;0;1;1;0
791;1;1;2;0;0;0
792;1;3;0;0;0;0
793;4;0;0;0;0;0
794;0;0;3;1;0;0
795;0;1;3;0;0;0
796;1;0;1;1;1;0
797;2;1;0;0;1;0
798;0;2;0;1;0;1
799;3;1;0;0;0;0
800;1;1;1;0;1;0
801;2;0;0;0;1;1
802;1;0;2;1;0;0
803;1;2;0;0;0;1
804;2;1;0;1;0;0
805;0;1;2;0;1;0
806;1;2;1;0;0;0
807;0;2;2;0;0;0
808;3;1;0;0;0;0
809;2;1;1;0;0;0
810;2;0;1;1;0;0
811;3;1;0;0;0;0
812;1;0;1;1;1;0
813;3;1;0;0;0;0
814;2;1;1;0;0;0
815;1;2;0;0;1;0
816;1;1;1;0;0;1
817;2;1;1;0;0;0
818;2;2;0;0;0;0
819;0;1;2;1;0;0
820;2;1;1;0;0;0
821;2;1;1;0;0;0
822;2;1;1;0;0;0
823;1;0;1;0;1;1
824;2;1;1;0;0;0
825;1;1;1;0;0;1
826;3;0;0;1;0;0
827;0;1;2;1;0;0
828;0;0;1;1;2;0
829;1;3;0;0;0;0
830;1;0;2;1;0;0
831;2;1;0;0;0;1
832;2;1;0;1;0;0
833;3;0;0;0;1;0
834;1;3;0;0;0;0
835;2;0;2;0;0;0
836;0;0;3;1;0;0
837;1;1;1;1;0;0
838;2;2;0;0;0;0
839;1;1;2;0;0;0
840;1;2;1;0;0;0
841;2;0;1;1;0;0
842;2;0;1;0;0;1
843;0;0;2;1;1;0
844;3;0;0;0;1;0
845;4;0;0;0;0;0
846;0;3;0;0;1;0
847;2;0;0;0;1;1
848;0;2;1;0;1;0
849;1;0;2;1;0;0
850;1;2;0;1;0;0
851;0;2;1;1;0;0
852;0;2;1;1;0;0
853;1;1;1;0;1;0
854;0;0;2;1;0;1
855;1;3;0;0;0;0
856;1;1;1;0;1;0
857;1;0;2;1;0;0
858;1;0;2;1;0;0
859;0;3;0;0;1;0
860;1;0;1;2;0;0
861;0;2;1;0;1;0
862;1;0;0;1;2;0
863;1;2;1;0;0;0
864;1;1;0;2;0;0
865;1;2;0;0;0;1
866;0;0;2;2;0;0
867;0;3;0;0;1;0
868;0;2;2;0;0;0
869;2;1;1;0;0;0
870;2;0;2;0;0;0
871;1;2;1;0;0;0
872;0;2;0;1;0;1
873;1;1;2;0;0;0
874;2;0;1;1;0;0
875;0;2;0;1;1;0
876;1;1;1;1;0;0
877;2;1;1;0;0;0
878;2;2;0;0;0;0
879;0;2;0;0;2;0
880;1;0;2;0;1;0
881;1;1;2;0;0;0
882;1;1;0;1;1;0
883;0;2;1;0;0;1
884;1;2;0;1;0;0
885;1;0;2;0;0;1
886;0;2;1;1;0;0
887;1;0;1;1;0;1
888;1;0;1;1;0;1
889;0;3;1;0;0;0
890;1;2;1;0;0;0
891;0;0;1;2;1;0
892;0;2;0;0;2;0
893;2;0;1;1;0;0
894;2;0;0;1;1;0
895;1;1;0;1;1;0
896;3;0;1;0;0;0
897;3;0;0;0;0;1
898;1;2;0;1;0;0
899;1;3;0;0;0;0
900;1;2;0;1;0;0
901;1;0;2;1;0;0
902;2;0;2;0;0;0
903;0;0;2;1;1;0
904;2;0;0;1;1;0
905;2;1;1;0;0;0
906;1;2;0;1;0;0
907;0;2;1;1;0;0
908;0;0;1;2;1;0
909;1;1;1;1;0;0
910;1;3;0;0;0;0
911;0;1;2;0;0;1
912;1;2;1;0;0;0
913;1;2;0;1;0;0
914;1;1;1;0;1;0
915;2;1;0;1;0;0
916;0;1;1;1;1;0
917;0;1;1;2;0;0
918;0;0;1;2;1;0
919;2;0;1;0;0;1
920;1;0;0;2;1;0
921;0;2;1;0;0;1
922;2;0;1;1;0;0
923;1;1;1;1;0;0
924;1;1;1;0;0;1
925;1;2;1;0;0;0
926;1;2;0;0;1;0
927;0;1;1;1;1;0
928;3;0;0;0;1;0
929;1;1;1;0;0;1
930;1;1;0;1;1;0
931;1;1;1;1;0;0
932;1;0;1;2;0;0
933;1;0;2;0;1;0
934;3;0;0;0;1;0
935;0;1;2;1;0;0
936;2;0;1;0;1;0
937;1;3;0;0;0;0
938;0;1;1;2;0;0
939;3;0;1;0;0;0
940;2;1;0;1;0;0
941;1;2;1;0;0;0
942;2;0;1;0;0;1
943;0;1;2;0;1;0
944;0;1;2;1;0;0
945;1;2;0;1;0;0
946;2;0;0;2;0;0
947;3;0;1;0;0;0
948;2;1;0;1;0;0
949;0;0;1;2;1;0
950;0;1;3;0;0;0
951;2;0;1;1;0;0
952;2;0;0;1;1;0
953;1;1;1;1;0;0
954;1;2;1;0;0;0
955;0;0;1;3;0;0
956;0;1;0;3;0;0
957;0;2;1;1;0;0
958;0;0;1;2;1;0
959;2;1;1;0;0;0
960;1;0;2;1;0;0
961;2;0;1;1;0;0
962;1;1;1;1;0;0
963;1;0;2;0;0;1
964;1;0;1;0;1;1
965;3;1;0;0;0;0
966;0;2;0;1;1;0
967;1;1;1;1;0;0
968;2;1;1;0;0;0
969;1;1;1;0;1;0
970;0;2;1;0;1;0
971;2;0;0;1;1;0
972;1;2;1;0;0;0
973;1;0;1;1;0;1
974;0;1;2;1;0;0
975;1;0;1;1;1;0
976;1;1;0;1;0;1
977;1;2;1;0;0;0
978;0;1;2;0;0;1
979;1;2;1;0;0;0
980;1;1;0;1;1;0
981;2;1;1;0;0;0
982;1;1;1;1;0;0
983;3;1;0;0;0;0
984;1;2;1;0;0;0
985;0;2;0;0;2;0
986;1;2;0;0;1;0
987;2;1;0;1;0;0
988;1;0;2;1;0;0
989;0;1;2;0;1;0
990;1;1;1;0;1;0
991;0;1;1;0;1;1
992;2;0;0;1;1;0
993;1;1;0;2;0;0
994;1;1;0;1;0;1
995;0;3;0;1;0;0
996;1;1;1;1;0;0
997;2;0;1;0;0;1
998;1;3;0;0;0;0
999;1;1;1;0;1;0
1000;1;1;1;1;0;0
1001;1;2;1;0;0;0
1002;0;3;0;1;0;0
1003;2;1;0;0;1;0
1004;0;3;0;1;0;0
1005;0;0;2;1;0;1
1006;1;3;0;0;0;0
1007;0;2;1;0;0;1
1008;0;1;2;0;1;0
1009;0;3;1;0;0;0
1010;1;1;1;1;0;0
1011;1;0;2;0;1;0
1012;2;2;0;0;0;0
1013;1;0;2;1;0;0
1014;0;2;1;1;0;0
1015;2;0;1;1;0;0
1016;2;1;1;0;0;0
1017;2;2;0;0;0;0
1018;2;0;0;0;1;1
1019;0;2;1;0;1;0
1020;1;1;2;0;0;0
1021;1;0;1;2;0;0
1022;2;0;0;1;0;1
1023;0;1;2;1;0;0
1024;0;1;1;1;1;0
1025;0;2;1;0;1;0
1026;1;0;0;1;2;0
1027;1;1;0;1;0;1
1028;1;1;1;1;0;0
1029;1;3;0;0;0;0
1030;2;0;1;1;0;0
1031;2;0;1;1;0;0
1032;1;2;1;0;0;0
1033;0;1;3;0;0;0
1034;0;3;1;0;0;0
1035;1;1;1;1;0;0
1036;3;0;1;0;0;0
1037;1;0;0;2;0;1
1038;0;1;3;0;0;0
1039;0;1;1;0;1;1
1040;1;3;0;0;0;0
1041;1;3;0;0;0;0
1042;1;1;1;1;0;0
1043;3;0;0;1;0;0
1044;1;0;2;0;1;0
1045;1;2;1;0;0;0
1046;2;1;1;0;0;0
1047;3;0;0;1;0;0
1048;0;2;0;0;1;1
1049;0;2;2;0;0;0
1050;1;2;0;0;1;0
1051;0;2;0;1;1;0
1052;2;1;1;0;0;0
1053;1;1;2;0;0;0
1054;1;0;1;1;1;0
1055;2;1;1;0;0;0
1056;1;0;2;0;1;0
1057;2;1;0;0;1;0
1058;1;0;1;1;0;1
1059;1;2;1;0;0;0
1060;1;0;2;1;0;0
1061;2;0;1;1;0;0
1062;0;0;3;0;1;0
1063;1;0;1;0;1;1
1064;0;2;1;0;1;0
1065;0;1;2;0;0;1
1066;1;0;2;1;0;0
1067;1;3;0;0;0;0
1068;1;0;2;0;1;0
1069;1;2;0;1;0;0
1070;1;1;0;0;1;1
1071;0;3;0;1;0;0
1072;1;1;1;0;0;1
1073;1;1;1;0;1;0
1074;2;0;1;1;0;0
1075;1;2;0;1;0;0
1076;1;1;0;0;2;0
1077;2;0;0;2;0;0
1078;2;2;0;0;0;0
1079;0;2;2;0;0;0
1080;1;2;0;0;1;0
1081;1;2;0;1;0;0
1082;1;0;0;2;1;0
1083;1;0;2;0;0;1
1084;1;1;1;1;0;0
1085;1;2;1;0;0;0
1086;2;1;0;0;0;1
1087;2;2;0;0;0;0
1088;0;2;2;0;0;0
1089;0;1;0;1;1;1
1090;2;1;1;0;0;0
1091;1;2;1;0;0;0
1092;1;0;2;0;0;1
1093;0;3;1;0;0;0
1094;1;1;1;0;0;1
1095;1;1;1;0;1;0
1096;1;0;3;0;0;0
1097;3;0;0;0;1;0
1098;0;1;3;0;0;0
1099;3;0;0;1;0;0
1100;0;1;0;1;2;0
1101;2;2;0;0;0;0
1102;0;1;1;1;1;0
1103;2;1;0;1;0;0
1104;2;0;2;0;0;0
1105;1;2;0;0;0;1
1106;0;2;1;1;0;0
1107;1;2;1;0;0;0
1108;3;0;0;1;0;0
1109;1;1;1;1;0;0
1110;1;1;0;1;1;0
1111;0;1;1;0;1;1
1112;2;0;1;0;1;0
1113;1;1;1;1;0;0
1114;1;1;1;0;0;1
1115;1;0;1;1;1;0
1116;0;1;1;2;0;0
1117;1;0;1;1;0;1
1118;2;1;0;0;1;0
1119;1;1;1;0;1;0
1120;1;1;0;1;1;0
1121;1;2;1;0;0;0
1122;0;2;2;0;0;0
1123;1;1;1;1;0;0
1124;1;1;1;0;0;1
1125;0;2;1;0;1;0
1126;1;1;1;0;1;0
1127;1;2;0;0;1;0
1128;0;0;4;0;0;0
1129;0;2;1;1;0;0
1130;1;0;1;1;1;0
1131;1;1;0;2;0;0
1132;1;1;1;0;1;0
1133;2;1;0;1;0;0
1134;1;1;1;1;0;0
1135;0;2;1;0;0;1
1136;2;0;1;0;1;0
1137;0;1;1;0;1;1
1138;2;1;1;0;0;0
1139;2;1;1;0;0;0
1140;1;1;2;0;0;0
1141;2;0;0;2;0;0
1142;2;0;1;1;0;0
1143;0;2;2;0;0;0
1144;1;1;1;0;0;1
1145;1;1;1;0;1;0
1146;1;0;2;0;1;0
1147;2;0;0;1;1;0
1148;2;1;1;0;0;0
1149;1;2;1;0;0;0
1150;1;2;0;1;0;0
1151;2;0;0;1;0;1
1152;2;0;1;0;1;0
1153;2;0;1;0;0;1
1154;0;0;1;1;1;1
1155;0;0;1;2;1;0
1156;2;0;2;0;0;0
1157;0;3;0;0;0;1
1158;1;2;1;0;0;0
1159;0;0;1;0;2;1
1160;2;0;1;0;1;0
1161;0;2;0;1;1;0
1162;1;1;1;0;1;0
1163;0;1;1;1;1;0
1164;0;2;2;0;0;0
1165;1;2;0;1;0;0
1166;1;3;0;0;0;0
1167;0;0;2;1;1;0
1168;2;0;1;1;0;0
1169;1;2;0;1;0;0
1170;0;2;0;1;1;0
1171;0;1;1;0;2;0
1172;1;1;1;1;0;0
1173;2;1;0;0;1;0
1174;1;1;0;1;1;0
1175;2;1;0;1;0;0
1176;1;1;1;1;0;0
1177;0;3;1;0;0;0
1178;2;1;0;1;0;0
1179;1;1;0;1;0;1
1180;0;2;1;0;1;0
1181;0;1;1;0;1;1
1182;3;0;1;0;0;0
1183;1;0;2;0;1;0
1184;4;0;0;0;0;0
1185;1;0;2;0;1;0
1186;0;2;2;0;0;0
1187;0;2;1;0;1;0
1188;2;0;1;1;0;0
1189;0;1;2;1;0;0
1190;2;2;0;0;0;0
1191;0;1;1;1;1;0
1192;1;1;1;1;0;0
1193;1;2;1;0;0;0
1194;1;1;2;0;0;0
1195;1;0;2;0;0;1
1196;2;2;0;0;0;0
1197;0;3;0;0;0;1
1198;1;0;0;1;1;1
1199;1;1;1;1;0;0
1200;1;2;0;1;0;0
1201;2;0;0;0;1;1
1202;2;0;2;0;0;0
1203;3;1;0;0;0;0
1204;1;2;1;0;0;0
1205;1;1;2;0;0;0
1206;1;1;0;0;1;1
1207;2;0;1;1;0;0
1208;0;3;0;0;1;0
1209;2;0;2;0;0;0
1210;2;2;0;0;0;0
1211;1;2;1;0;0;0
1212;0;1;1;1;0;1
1213;1;1;2;0;0;0
1214;2;0;1;0;0;1
1215;1;1;1;1;0;0
1216;3;0;0;0;1;0
1217;0;1;1;0;1;1
1218;1;1;1;1;0;0
1219;2;1;0;0;1;0
1220;1;1;1;1;0;0
1221;1;2;0;1;0;0
1222;1;1;1;1;0;0
1223;1;2;1;0;0;0
1224;1;1;1;1;0;0
1225;1;0;1;0;1;1
1226;1;0;1;2;0;0
1227;0;2;1;0;0;1
1228;1;2;1;0;0;0
1229;1;1;0;0;2;0
1230;2;0;1;0;0;1
1231;0;2;1;0;0;1
1232;1;0;3;0;0;0
1233;0;1;3;0;0;0
1234;1;0;1;2;0;0
1235;0;1;1;1;1;0
1236;2;1;0;1;0;0
1237;1;0;3;0;0;0
1238;0;1;2;0;1;0
1239;0;1;1;0;1;1
1240;0;2;1;0;1;0
1241;0;2;1;1;0;0
1242;2;0;0;0;1;1
1243;2;2;0;0;0;0
1244;3;1;0;0;0;0
1245;0;2;1;0;1;0
1246;1;1;0;1;1;0
1247;0;1;0;1;1;1
1248;0;1;3;0;0;0
1249;3;0;0;1;0;0
1250;1;1;1;0;1;0
1251;2;1;1;0;0;0
1252;0;0;4;0;0;0
1253;2;0;1;0;0;1
1254;3;1;0;0;0;0
1255;0;3;1;0;0;0
1256;1;2;0;0;1;0
1257;1;1;1;0;0;1
1258;3;0;1;0;0;0
1259;1;0;1;1;1;0
1260;2;1;0;1;0;0
1261;1;1;0;0;2;0
1262;0;1;3;0;0;0
1263;0;1;1;1;1;0
1264;2;0;0;0;1;1
1265;0;4;0;0;0;0
1266;1;2;1;0;0;0
1267;2;0;1;0;1;0
1268;1;1;1;1;0;0
1269;1;1;2;0;0;0
1270;1;0;1;1;1;0
1271;2;0;1;1;0;0
1272;0;1;1;0;1;1
1273;1;0;2;1;0;0
1274;0;2;0;2;0;0
1275;1;0;1;1;1;0
1276;1;2;1;0;0;0
1277;2;1;1;0;0;0
1278;1;1;2;0;0;0
1279;0;1;1;0;1;1
1280;2;2;0;0;0;0
1281;2;0;2;0;0;0
1282;0;0;1;3;0;0
1283;2;2;0;0;0;0
1284;1;2;1;0;0;0
1285;2;0;2;0;0;0
1286;1;2;1;0;0;0
1287;0;3;0;0;1;0
1288;3;0;0;0;1;0
1289;0;0;2;0;1;1
1290;0;2;0;0;1;1
1291;0;1;1;1;1;0
1292;1;2;0;1;0;0
1293;3;0;0;1;0;0
1294;1;1;2;0;0;0
1295;1;2;0;1;0;0
1296;0;1;1;2;0;0
1297;3;0;0;0;1;0
1298;0;2;1;1;0;0
1299;1;1;1;0;1;0
1300;2;2;0;0;0;0
1301;2;1;0;1;0;0
1302;1;2;0;1;0;0
1303;0;2;1;1;0;0
1304;0;3;1;0;0;0
1305;2;0;1;1;0;0
1306;2;1;0;1;0;0
1307;1;2;0;1;0;0
1308;1;1;1;1;0;0
1309;1;2;1;0;0;0
1310;0;3;0;0;1;0
1311;1;1;0;1;1;0
1312;3;1;0;0;0;0
1313;1;3;0;0;0;0
1314;1;1;0;0;1;1
1315;2;2;0;0;0;0
1316;1;0;1;2;0;0
1317;1;1;0;0;1;1
1318;0;1;1;1;1;0
1319;3;0;0;0;0;1
1320;1;1;0;0;1;1
1321;1;2;0;1;0;0
1322;0;0;2;0;1;1
1323;0;2;1;1;0;0
1324;1;0;1;1;0;1
1325;1;1;0;2;0;0
1326;3;1;0;0;0;0
1327;2;1;1;0;0;0
1328;0;2;0;1;1;0
1329;1;1;2;0;0;0
1330;2;0;2;0;0;0
1331;1;1;1;1;0;0
1332;0;1;1;0;1;1
1333;1;0;2;0;1;0
1334;2;2;0;0;0;0
1335;0;1;1;1;1;0
1336;1;0;3;0;0;0
1337;1;0;1;1;0;1
1338;0;0;3;0;1;0
1339;2;2;0;0;0;0
1340;2;0;0;0;1;1
1341;1;1;1;0;0;1
1342;1;1;1;0;0;1
1343;0;1;1;0;1;1
1344;1;2;1;0;0;0
1345;0;0;3;1;0;0
1346;2;2;0;0;0;0
1347;0;1;1;2;0;0
1348;1;2;1;0;0;0
1349;0;0;2;0;2;0
1350;2;0;1;1;0;0
1351;1;1;0;1;1;0
1352;1;2;0;1;0;0
1353;1;0;2;0;1;0
1354;1;2;0;0;1;0
1355;0;0;3;1;0;0
1356;0;0;2;0;1;1
1357;1;1;0;0;2;0
1358;0;1;2;0;1;0
1359;2;1;1;0;0;0
1360;2;0;1;1;0;0
1361;0;0;3;1;0;0
1362;0;1;1;2;0;0
1363;2;0;0;0;2;0
1364;2;1;1;0;0;0
1365;0;3;1;0;0;0
1366;0;1;1;1;1;0
1367;0;1;1;1;1;0
1368;0;0;2;2;0;0
1369;0;1;1;1;1;0
1370;0;2;0;0;1;1
1371;1;1;0;1;1;0
1372;2;2;0;0;0;0
1373;1;1;1;1;0;0
1374;0;3;1;0;0;0
1375;3;1;0;0;0;0
1376;0;1;1;0;1;1
1377;2;1;0;0;0;1
1378;0;3;1;0;0;0
1379;1;0;2;0;1;0
1380;2;0;1;1;0;0
1381;1;1;1;0;1;0
1382;0;2;2;0;0;0
1383;1;1;1;0;1;0
1384;1;1;1;1;0;0
1385;0;1;0;1;1;1
1386;1;0;2;1;0;0
1387;3;1;0;0;0;0
1388;0;1;1;1;1;0
1389;1;1;0;1;1;0
1390;0;4;0;0;0;0
1391;1;0;1;2;0;0
1392;3;1;0;0;0;0
1393;3;1;0;0;0;0
1394;2;0;0;1;0;1
1395;2;1;0;1;0;0
1396;1;1;1;1;0;0
1397;2;0;1;0;1;0
1398;0;1;2;0;1;0
1399;1;2;0;1;0;0
1400;1;1;1;1;0;0
1401;1;1;1;0;1;0
1402;0;1;1;1;0;1
1403;1;2;0;1;0;0
1404;0;3;1;0;0;0
1405;2;1;1;0;0;0
1406;0;1;1;0;1;1
1407;1;0;2;0;1;0
1408;1;2;1;0;0;0
1409;0;1;1;2;0;0
1410;1;0;0;2;1;0
1411;1;1;0;1;0;1
1412;0;1;1;1;1;0
1413;2;0;1;0;0;1
1414;0;1;1;2;0;0
1415;0;1;2;0;0;1
1416;1;0;3;0;0;0
1417;1;1;1;0;1;0
1418;1;0;1;0;1;1
1419;0;1;3;0;0;0
1420;2;1;0;0;0;1
1421;2;0;0;2;0;0
1422;1;2;0;1;0;0
1423;3;1;0;0;0;0
1424;2;0;1;0;1;0
1425;1;2;0;1;0;0
1426;1;0;2;1;0;0
1427;1;2;0;0;1;0
1428;0;3;0;0;1;0
1429;1;2;0;0;0;1
1430;3;0;0;0;1;0
1431;0;2;1;0;1;0
1432;0;1;1;0;1;1
1433;1;0;1;2;0;0
1434;0;2;1;1;0;0
1435;2;1;1;0;0;0
1436;1;2;0;0;1;0
1437;3;0;0;1;0;0
1438;0;1;2;0;1;0
1439;2;1;0;0;1;0
1440;0;1;0;1;1;1
1441;1;0;1;2;0;0
1442;1;0;1;1;1;0
1443;1;0;3;0;0;0
1444;2;1;0;1;0;0
1445;2;0;0;0;1;1
1446;1;1;1;1;0;0
1447;1;3;0;0;0;0
1448;3;0;0;1;0;0
1449;1;2;0;1;0;0
1450;1;2;0;0;1;0
1451;2;2;0;0;0;0
1452;1;2;0;1;0;0
1453;1;0;3;0;0;0
1454;1;1;1;1;0;0
1455;2;0;1;0;1;0
1456;0;2;1;1;0;0
1457;2;1;1;0;0;0
1458;1;0;3;0;0;0
1459;1;0;1;0;1;1
1460;0;1;2;1;0;0
1461;2;1;0;0;0;1
1462;0;0;2;0;1;1
1463;0;1;2;0;1;0
1464;0;0;1;1;1;1
1465;0;2;0;1;1;0
1466;0;3;0;1;0;0
1467;1;0;0;1;1;1
1468;1;1;0;1;1;0
1469;0;1;1;1;1;0
1470;1;1;1;1;0;0
1471;0;0;0;2;1;1
1472;2;0;2;0;0;0
1473;1;1;1;0;1;0
1474;2;1;0;0;1;0
1475;2;1;1;0;0;0
1476;2;0;1;1;0;0
1477;2;1;0;0;0;1
1478;2;0;0;2;0;0
1479;1;0;1;1;1;0
1480;1;0;1;2;0;0
1481;1;1;1;1;0;0
1482;1;1;1;1;0;0
1483;3;0;0;1;0;0
1484;1;1;1;1;0;0
1485;1;2;1;0;0;0
1486;2;2;0;0;0;0
1487;1;1;1;0;1;0
1488;2;1;1;0;0;0
1489;2;1;0;1;0;0
1490;1;0;2;0;1;0
1491;0;0;3;0;0;1
1492;2;0;0;0;1;1
1493;1;3;0;0;0;0
1494;1;0;1;1;1;0
1495;0;3;1;0;0;0
1496;1;2;1;0;0;0
1497;3;1;0;0;0;0
1498;0;2;0;0;2;0
1499;0;2;1;0;1;0
1500;2;0;1;0;0;1
