Runde;EINS;ZWEI;DREI;VIER;FUENF;SECHS
1;1;0;1;0;1;1
2;0;1;1;0;2;0
3;0;2;2;0;0;0
4;0;1;1;1;0;1
5;1;1;0;2;0;0
6;1;0;1;1;1;0
7;0;0;2;0;1;1
8;0;2;1;0;1;0
9;1;0;1;1;1;0
10;0;0;1;0;2;1
11;0;0;1;1;1;1
12;0;2;1;1;0;0
13;0;0;0;3;1;0
14;1;1;1;1;0;0
15;0;0;0;3;0;1
16;0;1;0;1;1;1
17;0;3;0;1;0;0
18;0;2;1;1;0;0
19;0;1;1;1;0;1
20;0;1;2;1;0;0
21;0;2;0;1;1;0
22;0;0;1;1;1;1
23;1;0;1;2;0;0
24;0;0;2;0;0;2
25;0;0;2;1;0;1
26;0;1;0;1;1;1
27;0;0;1;1;2;0
28;1;0;1;2;0;0
29;0;1;1;1;1;0
30;1;0;2;1;0;0
31;1;0;0;1;1;1
32;0;1;1;2;0;0
33;0;1;1;0;2;0
34;0;1;0;0;3;0
35;0;2;2;0;0;0
36;0;0;2;2;0;0
37;1;0;1;2;0;0
38;0;2;0;0;2;0
39;1;0;0;1;1;1
40;2;0;0;0;1;1
41;0;0;1;1;2;0
42;0;1;0;1;2;0
43;1;0;1;2;0;0
44;0;0;2;1;1;0
45;0;0;2;0;2;0
46;0;0;1;1;2;0
47;1;0;1;1;1;0
48;0;0;0;1;3;0
49;0;0;2;2;0;0
50;1;0;1;2;0;0
51;0;1;3;0;0;0
52;0;2;0;1;1;0
53;0;1;0;0;1;2
54;0;1;0;2;1;0
55;1;0;0;2;1;0
56;2;0;0;0;1;1
57;0;0;1;1;2;0
58;0;1;1;1;1;0
59;1;0;1;0;0;2
60;0;1;1;1;0;1
61;0;1;1;1;1;0
62;0;0;0;3;1;0
63;1;0;1;0;1;1
64;1;1;1;0;0;1
65;1;0;0;0;2;1
66;0;1;0;2;1;0
67;1;1;0;1;1;0
68;0;2;1;1;0;0
69;0;2;1;1;0;0
70;0;1;1;0;2;0
71;1;1;2;0;0;0
72;0;0;0;2;2;0
73;0;1;1;0;1;1
74;0;0;1;2;1;0
75;1;1;0;1;1;0
76;0;0;2;2;0;0
77;1;2;0;1;0;0
78;0;0;2;0;1;1
79;0;0;1;1;2;0
80;1;1;1;1;0;0
81;0;1;1;1;0;1
82;0;1;1;1;0;1
83;0;1;1;1;1;0
84;0;1;1;2;0;0
85;1;1;1;1;0;0
86;1;1;0;0;0;2
87;0;0;2;1;0;1
88;0;0;0;0;3;1
89;0;1;0;1;2;0
90;0;0;1;2;0;1
91;1;0;1;1;0;1
92;0;0;2;1;1;0
93;0;3;1;0;0;0
94;0;1;0;0;3;0
95;0;1;1;1;0;1
96;0;0;3;0;1;0
97;0;0;1;2;0;1
98;0;1;2;1;0;0
99;1;0;1;0;1;1
100;0;1;1;2;0;0
101;0;1;1;1;1;0
102;1;1;1;0;1;0
103;0;1;1;1;0;1
104;1;1;1;0;1;0
105;0;1;1;2;0;0
106;0;1;0;3;0;0
107;0;0;2;2;0;0
108;0;0;2;2;0;0
109;2;0;0;2;0;0
110;0;2;2;0;0;0
111;2;0;0;0;1;1
112;0;0;3;0;0;1
113;0;0;2;0;2;0
114;0;0;1;0;2;1
115;0;3;1;0;0;0
116;1;1;1;1;0;0
117;0;0;3;0;1;0
118;0;0;1;2;0;1
119;0;2;1;0;1;0
120;0;0;0;2;2;0
121;0;0;1;3;0;0
122;0;2;1;0;1;0
123;1;2;1;0;0;0
124;0;2;0;1;0;1
125;0;0;2;1;0;1
126;0;1;1;1;0;1
127;0;0;3;0;1;0
128;1;1;0;1;0;1
129;0;0;1;1;2;0
130;0;2;0;1;1;0
131;0;0;1;2;1;0
132;1;1;0;2;0;0
133;1;0;1;1;0;1
134;0;2;0;2;0;0
135;0;2;0;2;0;0
136;0;1;0;2;1;0
137;0;2;1;1;0;0
138;0;0;1;1;2;0
139;1;0;2;1;0;0
140;0;2;0;2;0;0
141;0;0;1;1;1;1
142;0;1;2;0;0;1
143;0;1;1;2;0;0
144;0;1;1;2;0;0
145;2;0;2;0;0;0
146;0;1;1;0;2;0
147;0;1;1;2;0;0
148;0;2;0;1;1;0
149;0;1;1;0;2;0
150;0;0;1;1;1;1
151;1;2;1;0;0;0
152;0;0;1;3;0;0
153;0;1;0;1;2;0
154;0;2;0;0;2;0
155;0;0;1;1;2;0
156;0;0;3;0;0;1
157;0;0;3;1;0;0
158;1;1;0;1;1;0
159;0;0;2;2;0;0
160;0;0;0;1;3;0
161;0;1;1;0;1;1
162;0;1;1;0;1;1
163;1;0;1;0;0;2
164;0;0;2;1;0;1
165;0;2;0;2;0;0
166;0;1;0;1;1;1
167;0;0;2;0;1;1
168;0;1;1;0;1;1
169;0;1;1;1;1;0
170;0;1;1;2;0;0
171;0;0;1;1;0;2
172;0;0;2;1;0;1
173;0;1;0;3;0;0
174;0;1;2;1;0;0
175;0;1;1;2;0;0
176;0;1;1;0;2;0
177;1;1;1;1;0;0
178;0;0;1;1;2;0
179;1;0;1;0;1;1
180;0;1;3;0;0;0
181;0;0;2;1;1;0
182;0;0;1;0;3;0
183;0;1;1;1;0;1
184;0;2;1;0;1;0
185;0;0;0;1;2;1
186;0;0;0;1;3;0
187;0;0;2;1;1;0
188;0;1;1;1;1;0
189;2;0;0;1;1;0
190;1;0;0;3;0;0
191;0;0;1;1;2;0
192;0;0;1;2;1;0
193;0;0;2;1;1;0
194;0;0;1;0;2;1
195;1;1;0;2;0;0
196;0;1;2;0;1;0
197;1;1;0;0;1;1
198;0;1;3;0;0;0
199;0;0;2;2;0;0
200;0;0;0;0;3;1
201;0;2;1;1;0;0
202;1;0;0;2;1;0
203;0;1;1;0;2;0
204;0;0;2;0;1;1
205;1;2;0;0;1;0
206;0;0;2;0;2;0
207;1;1;1;1;0;0
208;0;0;0;2;2;0
209;0;0;0;1;2;1
210;0;1;0;1;2;0
211;0;0;2;2;0;0
212;0;1;0;2;1;0
213;0;0;1;2;1;0
214;0;0;2;1;1;0
215;1;1;0;0;2;0
216;0;0;1;2;1;0
217;1;1;0;1;1;0
218;2;0;2;0;0;0
219;0;1;1;1;1;0
220;0;0;2;0;1;1
221;0;0;1;1;2;0
222;0;0;1;0;3;0
223;1;0;0;0;3;0
224;0;0;2;0;1;1
225;0;1;3;0;0;0
226;0;0;1;1;2;0
227;0;0;0;2;2;0
228;0;1;1;1;1;0
229;0;2;0;2;0;0
230;1;1;0;1;1;0
231;1;1;2;0;0;0
232;0;1;0;3;0;0
233;0;1;0;2;1;0
234;0;2;1;1;0;0
235;0;1;1;2;0;0
236;0;0;0;2;1;1
237;0;1;2;0;0;1
238;0;1;1;1;1;0
239;1;0;2;0;0;1
240;1;0;0;2;0;1
241;1;0;0;2;1;0
242;0;1;0;1;1;1
243;0;1;0;2;0;1
244;1;0;1;1;0;1
245;1;1;0;0;1;1
246;0;0;2;0;2;0
247;1;1;1;0;1;0
248;1;0;1;0;1;1
249;2;0;0;1;1;0
250;1;0;0;2;1;0
251;0;0;1;1;2;0
252;2;0;2;0;0;0
253;0;1;0;0;3;0
254;0;0;0;1;3;0
255;1;0;2;1;0;0
256;0;1;1;2;0;0
257;0;0;2;2;0;0
258;0;2;0;1;0;1
259;0;1;0;2;1;0
260;1;0;2;1;0;0
261;0;2;1;0;1;0
262;0;1;1;2;0;0
263;1;1;2;0;0;0
264;1;0;0;0;2;1
265;2;2;0;0;0;0
266;0;1;0;2;1;0
267;0;0;3;1;0;0
268;0;1;2;0;1;0
269;0;0;0;3;0;1
270;0;0;3;0;1;0
271;0;0;1;0;3;0
272;0;0;1;1;2;0
273;0;1;1;0;1;1
274;0;2;0;1;1;0
275;0;1;0;1;2;0
276;1;0;2;1;0;0
277;1;0;1;1;0;1
278;0;0;4;0;0;0
279;0;2;1;1;0;0
280;0;0;1;0;1;2
281;0;1;1;2;0;0
282;2;0;0;1;1;0
283;1;0;1;1;0;1
284;0;0;2;1;0;1
285;0;2;1;1;0;0
286;0;1;1;2;0;0
287;1;0;0;0;3;0
288;0;0;2;1;0;1
289;0;0;0;2;1;1
290;0;2;1;0;1;0
291;0;0;3;1;0;0
292;0;0;3;1;0;0
293;0;1;2;1;0;0
294;1;0;1;2;0;0
295;0;3;0;0;0;1
296;0;2;0;1;0;1
297;0;0;2;2;0;0
298;0;1;1;1;0;1
299;0;1;1;1;1;0
300;1;1;0;0;2;0
301;1;0;2;1;0;0
302;0;1;3;0;0;0
303;1;0;1;2;0;0
304;0;2;0;1;1;0
305;0;0;1;2;1;0
306;0;0;1;1;2;0
307;0;1;0;2;1;0
308;0;0;3;0;1;0
309;0;1;2;1;0;0
310;0;1;1;2;0;0
311;1;2;0;1;0;0
312;0;0;1;1;2;0
313;1;0;1;2;0;0
314;0;1;2;1;0;0
315;0;0;2;1;0;1
316;0;2;1;1;0;0
317;0;0;1;3;0;0
318;0;1;0;2;0;1
319;0;0;2;1;1;0
320;1;1;1;0;1;0
321;1;2;0;1;0;0
322;0;1;0;1;2;0
323;0;1;2;0;1;0
324;0;0;3;0;1;0
325;0;1;2;0;1;0
326;0;0;1;2;1;0
327;1;1;0;2;0;0
328;1;2;0;0;0;1
329;0;0;3;0;1;0
330;0;0;0;1;2;1
331;1;1;0;0;1;1
332;1;2;1;0;0;0
333;1;0;0;2;1;0
334;1;0;0;1;1;1
335;1;0;1;1;1;0
336;0;0;2;1;1;0
337;0;2;1;1;0;0
338;1;0;0;2;1;0
339;0;0;1;1;1;1
340;0;2;0;1;0;1
341;0;3;1;0;0;0
342;0;0;1;0;1;2
343;0;1;0;0;3;0
344;0;0;2;1;1;0
345;0;1;1;0;2;0
346;1;1;0;1;1;0
347;0;1;0;0;3;0
348;0;1;2;1;0;0
349;1;1;1;0;0;1
350;0;0;0;4;0;0
351;0;1;0;2;1;0
352;0;1;1;0;2;0
353;1;0;1;1;0;1
354;0;0;1;1;1;1
355;0;3;0;0;1;0
356;0;0;2;0;2;0
357;0;0;0;2;1;1
358;0;1;0;1;2;0
359;0;0;2;0;2;0
360;0;1;0;2;1;0
361;0;1;0;1;2;0
362;0;0;2;1;1;0
363;2;0;0;2;0;0
364;1;1;2;0;0;0
365;1;0;1;1;0;1
366;0;1;0;2;1;0
367;0;1;1;1;0;1
368;1;0;1;0;1;1
369;0;0;1;2;1;0
370;0;1;1;1;0;1
371;0;1;1;0;2;0
372;0;0;2;2;0;0
373;1;0;2;1;0;0
374;0;1;1;1;1;0
375;0;1;1;1;1;0
376;1;0;0;2;1;0
377;0;2;1;0;1;0
378;1;0;1;1;1;0
379;0;0;1;0;3;0
380;1;0;0;0;2;1
381;0;1;1;1;0;1
382;0;0;3;0;0;1
383;1;1;0;1;1;0
384;0;1;2;1;0;0
385;1;0;2;1;0;0
386;1;1;1;1;0;0
387;0;2;0;2;0;0
388;1;0;2;1;0;0
389;1;0;3;0;0;0
390;0;0;1;0;3;0
391;0;0;2;2;0;0
392;0;1;0;2;0;1
393;0;1;1;2;0;0
394;1;0;3;0;0;0
395;1;0;0;2;1;0
396;1;0;1;0;2;0
397;0;0;2;2;0;0
398;1;1;0;1;1;0
399;1;0;1;1;1;0
400;0;2;1;1;0;0
401;0;1;1;0;2;0
402;0;1;1;2;0;0
403;0;0;2;1;0;1
404;1;0;2;1;0;0
405;0;1;0;0;1;2
406;0;2;0;1;0;1
407;0;0;1;1;2;0
408;0;0;1;2;1;0
409;0;0;1;1;2;0
410;1;0;0;1;2;0
411;0;0;1;2;1;0
412;1;0;2;0;0;1
413;1;2;0;1;0;0
414;0;0;2;0;1;1
415;0;1;0;2;1;0
416;0;1;0;2;1;0
417;2;0;1;0;0;1
418;1;0;1;1;1;0
419;1;0;0;1;1;1
420;0;0;1;1;1;1
421;1;0;1;0;2;0
422;1;1;1;0;1;0
423;0;1;2;1;0;0
424;0;2;0;0;0;2
425;1;1;1;0;0;1
426;0;3;1;0;0;0
427;0;0;1;1;1;1
428;0;0;0;2;2;0
429;0;1;1;2;0;0
430;1;1;0;0;1;1
431;0;0;1;1;2;0
432;0;1;1;1;0;1
433;0;0;1;2;0;1
434;0;1;1;0;2;0
435;0;1;2;1;0;0
436;0;2;1;0;1;0
437;1;1;0;1;1;0
438;0;0;1;1;2;0
439;1;2;1;0;0;0
440;0;2;1;1;0;0
441;0;0;1;1;2;0
442;1;1;0;1;1;0
443;0;1;1;0;0;2
444;0;0;2;0;2;0
445;0;2;1;1;0;0
446;1;1;1;1;0;0
447;1;0;1;0;1;1
448;0;2;0;2;0;0
449;1;2;0;0;1;0
450;1;0;1;2;0;0
451;0;0;2;0;1;1
452;0;3;0;1;0;0
453;0;2;0;0;2;0
454;0;2;0;1;1;0
455;0;0;2;0;2;0
456;0;1;1;1;0;1
457;0;1;0;0;3;0
458;1;0;2;1;0;0
459;2;1;1;0;0;0
460;0;2;0;2;0;0
461;0;1;1;1;1;0
462;0;0;0;2;2;0
463;1;0;1;0;1;1
464;0;0;1;2;1;0
465;1;0;0;3;0;0
466;0;0;0;2;2;0
467;1;0;1;1;1;0
468;0;1;2;0;1;0
469;0;1;1;1;1;0
470;0;1;0;2;1;0
471;0;2;1;0;1;0
472;0;1;0;2;0;1
473;0;0;2;0;2;0
474;0;0;0;1;2;1
475;0;2;1;1;0;0
476;0;2;1;0;0;1
477;1;0;1;1;0;1
478;1;1;1;1;0;0
479;0;0;1;3;0;0
480;0;1;0;2;1;0
481;0;0;0;3;1;0
482;1;1;1;0;0;1
483;1;1;1;0;1;0
484;0;2;1;0;1;0
485;0;1;0;1;2;0
486;0;2;1;1;0;0
487;0;1;1;1;1;0
488;0;0;1;1;2;0
489;0;1;1;0;2;0
490;0;0;1;2;1;0
491;1;0;1;0;2;0
492;0;0;4;0;0;0
493;0;1;2;0;0;1
494;0;0;1;1;1;1
495;1;0;0;1;2;0
496;0;0;2;0;2;0
497;0;1;0;0;2;1
498;1;0;0;3;0;0
499;1;0;1;1;0;1
500;2;0;0;1;0;1
501;0;1;0;2;1;0
502;0;1;2;0;1;0
503;0;0;4;0;0;0
504;0;1;2;0;1;0
505;1;0;0;1;2;0
506;0;1;1;2;0;0
507;0;2;1;1;0;0
508;0;2;0;2;0;0
509;1;1;1;1;0;0
510;0;0;2;2;0;0
511;1;0;1;2;0;0
512;0;0;0;3;1;0
513;0;1;2;0;0;1
514;1;1;1;0;0;1
515;0;2;1;0;0;1
516;0;0;3;1;0;0
517;0;2;1;0;0;1
518;0;0;1;0;2;1
519;0;1;1;1;0;1
520;0;1;0;3;0;0
521;1;0;1;1;0;1
522;0;0;2;1;1;0
523;0;0;2;0;2;0
524;1;1;1;1;0;0
525;0;0;3;0;0;1
526;1;1;1;0;0;1
527;0;0;2;1;1;0
528;0;0;0;1;3;0
529;2;1;0;1;0;0
530;0;1;0;2;1;0
531;0;0;1;2;1;0
532;1;0;0;1;1;1
533;1;0;2;0;0;1
534;1;0;1;1;0;1
535;0;1;2;0;0;1
536;0;0;3;1;0;0
537;1;3;0;0;0;0
538;0;1;1;2;0;0
539;0;1;2;0;0;1
540;0;0;2;0;0;2
541;0;1;0;2;1;0
542;0;0;1;1;1;1
543;1;0;1;1;1;0
544;1;1;0;0;1;1
545;2;1;0;1;0;0
546;1;0;0;2;0;1
547;0;0;1;2;0;1
548;0;0;2;1;1;0
549;1;0;0;1;1;1
550;0;1;2;0;1;0
551;0;1;2;1;0;0
552;0;0;1;2;1;0
553;0;0;0;3;1;0
554;0;0;1;1;1;1
555;0;3;1;0;0;0
556;1;1;0;1;0;1
557;0;0;1;0;2;1
558;1;0;2;0;1;0
559;0;3;0;1;0;0
560;0;0;1;1;1;1
561;0;1;2;1;0;0
562;0;0;2;0;1;1
563;1;1;1;0;1;0
564;0;1;2;0;1;0
565;0;1;0;2;1;0
566;0;0;1;2;1;0
567;1;1;2;0;0;0
568;0;1;2;0;0;1
569;0;0;1;2;0;1
570;0;0;2;2;0;0
571;1;1;1;0;1;0
572;0;0;2;0;2;0
573;0;1;2;1;0;0
574;0;0;3;1;0;0
575;1;1;1;0;1;0
576;0;2;1;1;0;0
577;1;0;1;0;0;2
578;0;0;1;1;1;1
579;0;0;1;1;1;1
580;0;1;0;2;1;0
581;0;1;2;0;1;0
582;0;1;1;0;2;0
583;0;1;1;2;0;0
584;0;0;0;2;2;0
585;0;0;0;1;2;1
586;0;2;1;1;0;0
587;1;0;0;1;2;0
588;0;1;2;0;1;0
589;0;0;3;1;0;0
590;0;1;2;0;1;0
591;0;1;1;0;2;0
592;0;1;1;2;0;0
593;0;2;0;2;0;0
594;1;0;1;1;1;0
595;0;1;0;1;0;2
596;0;3;1;0;0;0
597;0;1;1;1;1;0
598;0;0;0;1;3;0
599;0;2;0;1;1;0
600;0;1;0;1;1;1
601;0;0;1;2;1;0
602;0;1;0;0;3;0
603;0;1;1;1;1;0
604;0;0;0;2;2;0
605;0;0;1;2;0;1
606;0;0;1;0;2;1
607;1;1;0;2;0;0
608;1;0;0;0;1;2
609;2;0;0;2;0;0
610;2;0;0;1;1;0
611;2;0;1;1;0;0
612;1;0;1;1;1;0
613;0;0;0;1;2;1
614;0;1;1;1;0;1
615;1;0;1;0;2;0
616;1;1;2;0;0;0
617;0;1;0;2;1;0
618;0;2;1;0;0;1
619;1;0;1;0;1;1
620;0;0;0;2;2;0
621;0;0;3;1;0;0
622;0;0;0;2;2;0
623;0;0;1;2;0;1
624;1;0;1;1;1;0
625;0;2;1;1;0;0
626;0;2;1;1;0;0
627;0;2;1;0;1;0
628;0;1;0;1;1;1
629;1;0;0;0;2;1
630;0;3;1;0;0;0
631;0;0;0;2;1;1
632;0;1;1;1;1;0
633;0;1;2;1;0;0
634;0;2;0;2;0;0
635;0;0;0;4;0;0
636;0;0;1;2;0;1
637;0;0;2;0;0;2
638;0;1;1;1;1;0
639;0;2;1;0;1;0
640;0;2;0;1;0;1
641;0;1;0;1;2;0
642;0;0;1;1;2;0
643;0;0;0;2;2;0
644;0;1;0;1;1;1
645;0;1;2;0;1;0
646;0;0;1;2;0;1
647;0;1;1;1;1;0
648;0;0;1;1;1;1
649;0;2;1;0;1;0
650;0;1;3;0;0;0
651;0;1;2;0;1;0
652;0;0;1;1;2;0
653;0;1;0;3;0;0
654;0;1;0;2;1;0
655;1;2;0;0;1;0
656;0;0;2;1;1;0
657;1;0;1;1;1;0
658;0;1;1;1;1;0
659;1;0;0;3;0;0
660;0;1;2;1;0;0
661;0;0;2;0;2;0
662;1;1;2;0;0;0
663;1;1;0;2;0;0
664;1;1;0;1;1;0
665;0;0;1;2;0;1
666;1;0;0;0;2;1
667;1;1;1;0;1;0
668;0;0;0;1;2;1
669;0;0;1;2;0;1
670;0;1;1;1;0;1
671;0;0;2;0;2;0
672;0;1;1;0;2;0
673;0;1;2;1;0;0
674;0;1;0;1;1;1
675;0;1;0;1;1;1
676;0;1;1;1;1;0
677;1;0;1;1;1;0
678;0;0;2;0;1;1
679;1;1;1;1;0;0
680;0;2;1;0;1;0
681;0;2;1;0;1;0
682;0;2;1;1;0;0
683;1;1;0;2;0;0
684;1;0;1;0;1;1
685;0;2;2;0;0;0
686;0;2;1;1;0;0
687;0;2;1;0;1;0
688;1;1;1;0;1;0
689;0;2;1;0;1;0
690;0;2;1;1;0;0
691;0;0;1;1;2;0
692;0;1;1;0;1;1
693;0;1;1;2;0;0
694;0;0;1;2;0;1
695;1;0;1;0;2;0
696;0;3;0;1;0;0
697;0;1;1;2;0;0
698;0;0;3;1;0;0
699;0;2;0;1;0;1
700;1;1;1;1;0;0
701;0;0;0;2;2;0
702;1;0;1;2;0;0
703;1;1;1;1;0;0
704;0;0;2;2;0;0
705;1;0;1;1;1;0
706;1;0;2;0;1;0
707;0;1;1;1;1;0
708;0;1;2;1;0;0
709;0;2;0;2;0;0
710;0;0;1;1;2;0
711;0;1;2;0;1;0
712;0;0;0;2;2;0
713;0;1;2;0;1;0
714;0;1;0;2;1;0
715;1;0;1;1;1;0
716;0;2;0;1;1;0
717;1;1;0;1;1;0
718;0;0;1;2;1;0
719;0;2;1;0;0;1
720;0;0;1;1;1;1
721;2;0;1;1;0;0
722;0;1;0;1;2;0
723;0;0;3;1;0;0
724;1;0;2;1;0;0
725;0;0;0;3;1;0
726;0;1;0;2;1;0
727;0;1;0;2;0;1
728;0;0;3;1;0;0
729;1;1;1;0;0;1
730;0;1;2;0;0;1
731;0;0;1;3;0;0
732;0;0;2;2;0;0
733;0;2;0;0;2;0
734;0;1;0;1;2;0
735;0;1;1;1;0;1
736;1;1;1;1;0;0
737;2;0;0;1;0;1
738;0;0;0;2;2;0
739;0;0;1;2;1;0
740;0;0;2;2;0;0
741;0;1;1;2;0;0
742;0;0;2;2;0;0
743;0;2;0;1;1;0
744;0;0;0;0;2;2
745;0;2;1;1;0;0
746;0;2;0;2;0;0
747;0;1;2;0;1;0
748;1;1;0;2;0;0
749;1;0;1;1;0;1
750;0;1;2;0;0;1
751;0;2;0;1;1;0
752;0;0;2;0;1;1
753;0;1;2;1;0;0
754;0;0;3;0;0;1
755;1;0;0;1;2;0
756;1;0;2;0;0;1
757;0;2;1;1;0;0
758;1;1;1;0;1;0
759;1;0;1;1;0;1
760;0;2;2;0;0;0
761;0;0;1;2;0;1
762;2;0;1;1;0;0
763;0;0;0;3;1;0
764;0;0;0;3;1;0
765;1;1;0;2;0;0
766;0;1;1;2;0;0
767;0;0;1;1;1;1
768;0;0;1;2;1;0
769;0;0;2;1;0;1
770;1;1;0;0;2;0
771;0;0;1;2;1;0
772;0;0;0;1;3;0
773;0;1;1;1;1;0
774;0;0;2;1;1;0
775;1;0;1;1;1;0
776;1;1;0;2;0;0
777;0;1;1;2;0;0
778;0;0;1;2;1;0
779;0;1;2;1;0;0
780;0;0;1;1;1;1
781;0;0;2;0;1;1
782;0;0;4;0;0;0
783;0;0;2;2;0;0
784;0;0;1;3;0;0
785;1;1;0;2;0;0
786;1;1;0;1;1;0
787;0;2;2;0;0;0
788;1;1;2;0;0;0
789;1;0;1;1;0;1
790;0;0;3;0;0;1
791;1;1;1;0;1;0
792;0;0;2;1;0;1
793;0;1;1;2;0;0
794;0;0;2;1;1;0
795;0;1;2;0;1;0
796;0;0;1;2;1;0
797;0;2;2;0;0;0
798;0;2;0;1;1;0
799;0;1;2;0;0;1
800;0;0;3;1;0;0
801;0;1;2;1;0;0
802;1;1;1;1;0;0
803;0;0;3;0;1;0
804;1;1;1;1;0;0
805;0;3;1;0;0;0
806;1;0;0;2;1;0
807;0;0;1;1;1;1
808;0;3;0;1;0;0
809;0;0;0;2;2;0
810;0;0;2;1;1;0
811;0;0;2;1;1;0
812;0;0;2;1;0;1
813;0;1;1;2;0;0
814;0;0;1;2;1;0
815;0;0;3;1;0;0
816;0;0;2;1;0;1
817;0;0;2;2;0;0
818;1;1;1;0;1;0
819;0;0;1;1;1;1
820;0;0;2;2;0;0
821;0;2;1;0;1;0
822;0;0;1;1;0;2
823;0;2;1;0;1;0
824;0;1;0;1;1;1
825;0;1;1;2;0;0
826;0;1;1;0;2;0
827;0;2;1;0;1;0
828;0;1;0;3;0;0
829;0;0;3;1;0;0
830;1;1;0;2;0;0
831;0;1;1;1;0;1
832;1;0;2;0;1;0
833;0;1;1;2;0;0
834;0;3;1;0;0;0
835;0;0;2;0;1;1
836;1;0;1;0;1;1
837;0;0;1;3;0;0
838;0;1;0;1;1;1
839;0;0;1;2;0;1
840;0;1;0;2;1;0
841;0;1;1;0;2;0
842;0;0;1;3;0;0
843;0;0;1;1;2;0
844;0;0;2;2;0;0
845;0;0;3;1;0;0
846;0;1;3;0;0;0
847;0;1;2;0;0;1
848;0;1;0;2;1;0
849;0;1;1;2;0;0
850;0;2;1;1;0;0
851;0;2;1;0;1;0
852;0;0;2;1;1;0
853;0;1;0;3;0;0
854;1;0;2;1;0;0
855;0;2;1;1;0;0
856;0;1;2;1;0;0
857;1;0;1;0;2;0
858;0;1;1;1;1;0
859;0;1;1;1;1;0
860;0;0;0;2;2;0
861;0;0;1;2;1;0
862;0;0;2;0;2;0
863;0;1;0;0;3;0
864;0;1;2;0;1;0
865;1;1;0;1;0;1
866;0;0;3;0;0;1
867;0;1;0;2;1;0
868;1;2;0;0;1;0
869;0;0;1;1;2;0
870;0;0;3;1;0;0
871;1;0;1;2;0;0
872;0;0;2;1;1;0
873;1;0;2;0;1;0
874;0;2;0;0;2;0
875;0;1;0;2;1;0
876;0;1;0;1;2;0
877;0;1;1;1;1;0
878;0;0;1;2;1;0
879;1;1;1;0;0;1
880;0;0;2;0;1;1
881;0;1;3;0;0;0
882;0;1;2;0;0;1
883;1;1;1;0;0;1
884;0;1;0;2;0;1
885;0;0;2;1;1;0
886;0;1;1;1;0;1
887;0;1;0;0;3;0
888;0;2;1;0;0;1
889;0;1;1;2;0;0
890;0;1;2;0;1;0
891;0;1;1;1;1;0
892;0;0;1;1;2;0
893;0;3;0;0;1;0
894;1;0;1;0;1;1
895;0;1;1;1;1;0
896;0;1;1;1;1;0
897;0;0;2;1;1;0
898;1;1;1;1;0;0
899;0;0;1;2;0;1
900;0;2;0;2;0;0
901;0;2;1;0;0;1
902;0;1;1;2;0;0
903;1;1;0;1;1;0
904;0;2;0;0;2;0
905;1;1;1;1;0;0
906;0;0;2;2;0;0
907;1;0;0;2;1;0
908;0;1;0;2;1;0
909;0;0;2;2;0;0
910;0;1;2;1;0;0
911;0;1;0;1;2;0
912;0;0;1;1;2;0
913;0;1;0;2;0;1
914;0;1;1;1;1;0
915;1;1;1;0;1;0
916;0;1;1;0;1;1
917;0;1;0;2;1;0
918;0;0;2;1;1;0
919;0;1;1;0;1;1
920;1;0;1;0;1;1
921;0;0;1;3;0;0
922;0;2;2;0;0;0
923;0;0;2;0;2;0
924;0;1;0;1;2;0
925;0;1;2;0;0;1
926;0;2;1;0;0;1
927;0;2;0;2;0;0
928;0;0;2;2;0;0
929;0;1;0;1;2;0
930;0;1;0;2;1;0
931;0;2;2;0;0;0
932;1;2;0;1;0;0
933;0;0;2;1;1;0
934;0;0;2;1;0;1
935;0;2;0;0;1;1
936;1;0;0;1;1;1
937;0;0;0;3;1;0
938;0;2;1;0;0;1
939;0;1;3;0;0;0
940;1;0;1;1;0;1
941;0;0;1;2;1;0
942;0;1;1;2;0;0
943;0;1;1;1;1;0
944;0;0;2;2;0;0
945;0;0;0;4;0;0
946;1;1;0;1;1;0
947;1;1;1;0;1;0
948;0;1;0;2;1;0
949;0;1;2;0;0;1
950;0;1;0;3;0;0
951;1;0;2;1;0;0
952;0;1;1;1;1;0
953;0;0;1;1;1;1
954;0;0;1;1;2;0
955;0;0;1;2;1;0
956;0;0;1;1;1;1
957;0;1;0;0;3;0
958;1;0;0;2;1;0
959;1;0;2;1;0;0
960;1;1;1;0;1;0
961;0;2;2;0;0;0
962;1;0;1;1;1;0
963;0;0;0;2;1;1
964;0;2;0;1;0;1
965;0;0;1;1;2;0
966;0;2;1;1;0;0
967;0;0;2;2;0;0
968;0;1;1;1;1;0
969;1;0;0;2;1;0
970;0;0;2;1;1;0
971;0;1;0;2;1;0
972;0;0;0;1;3;0
973;0;0;1;0;3;0
974;1;0;0;2;1;0
975;0;1;0;0;2;1
976;0;0;2;0;1;1
977;0;0;3;1;0;0
978;0;1;0;2;1;0
979;0;0;0;3;1;0
980;0;0;1;2;1;0
981;0;0;1;2;1;0
982;0;0;3;0;1;0
983;1;1;0;1;1;0
984;0;0;1;2;1;0
985;1;0;2;1;0;0
986;0;0;1;1;2;0
987;0;0;2;1;0;1
988;0;0;0;3;1;0
989;0;1;1;1;1;0
990;0;1;1;2;0;0
991;0;1;0;0;3;0
992;0;2;0;0;2;0
993;0;1;2;1;0;0
994;0;0;2;0;2;0
995;0;0;1;1;2;0
996;0;1;0;2;1;0
997;0;1;2;0;1;0
998;0;0;2;2;0;0
999;0;1;3;0;0;0
1000;1;1;1;0;0;1
1001;0;0;2;2;0;0
1002;2;0;0;1;0;1
1003;0;0;2;1;1;0
1004;0;0;2;2;0;0
1005;0;2;0;0;2;0
1006;0;1;3;0;0;0
1007;0;2;0;2;0;0
1008;0;0;0;3;1;0
1009;0;0;0;3;1;0
1010;0;3;0;0;0;1
1011;0;1;0;2;1;0
1012;1;0;1;1;1;0
1013;2;1;0;0;1;0
1014;0;1;1;0;2;0
1015;0;0;2;2;0;0
1016;0;1;3;0;0;0
1017;1;1;0;2;0;0
1018;1;0;1;1;0;1
1019;0;2;1;1;0;0
1020;0;0;1;0;3;0
1021;0;1;0;2;0;1
1022;0;1;1;0;1;1
1023;1;0;0;2;1;0
1024;1;2;1;0;0;0
1025;1;1;0;2;0;0
1026;1;1;0;1;0;1
1027;0;0;0;4;0;0
1028;2;0;1;0;1;0
1029;0;1;1;0;1;1
1030;0;0;3;1;0;0
1031;0;0;2;1;1;0
1032;0;0;0;3;1;0
1033;1;0;0;1;1;1
1034;1;1;2;0;0;0
1035;1;0;0;2;1;0
1036;0;0;2;1;0;1
1037;0;1;1;1;1;0
1038;0;1;2;1;0;0
1039;0;2;0;1;0;1
1040;1;1;0;1;1;0
1041;0;1;1;1;0;1
1042;0;1;0;2;1;0
1043;0;1;0;1;2;0
1044;1;2;1;0;0;0
1045;1;1;1;1;0;0
1046;0;1;1;1;0;1
1047;0;0;0;2;1;1
1048;1;0;1;1;1;0
1049;0;0;2;0;2;0
1050;0;0;1;2;1;0
1051;0;1;1;0;1;1
1052;1;1;1;1;0;0
1053;1;1;0;1;1;0
1054;1;0;2;1;0;0
1055;0;1;2;0;1;0
1056;0;0;2;1;0;1
1057;1;1;0;2;0;0
1058;0;1;1;0;2;0
1059;0;1;3;0;0;0
1060;0;1;3;0;0;0
1061;0;0;1;3;0;0
1062;1;0;1;2;0;0
1063;0;0;1;2;0;1
1064;0;0;2;1;0;1
1065;0;1;0;2;0;1
1066;1;1;0;1;1;0
1067;0;1;1;0;2;0
1068;1;1;1;1;0;0
1069;0;0;2;0;2;0
1070;0;0;0;3;1;0
1071;0;0;2;0;1;1
1072;0;0;1;2;1;0
1073;0;0;1;2;0;1
1074;0;0;2;1;1;0
1075;0;0;1;0;1;2
1076;0;1;2;0;0;1
1077;0;2;1;0;1;0
1078;0;2;0;0;1;1
1079;0;0;2;0;1;1
1080;1;0;2;0;1;0
1081;1;0;0;1;2;0
1082;0;1;3;0;0;0
1083;0;0;1;2;1;0
1084;1;0;1;2;0;0
1085;0;1;2;1;0;0
1086;0;1;1;1;0;1
1087;0;1;0;2;0;1
1088;0;0;2;2;0;0
1089;0;1;0;1;2;0
1090;0;0;1;1;0;2
1091;0;0;1;2;1;0
1092;1;2;0;0;1;0
1093;2;0;0;2;0;0
1094;0;0;1;0;2;1
1095;0;2;1;1;0;0
1096;0;1;1;1;0;1
1097;0;0;3;0;1;0
1098;0;0;2;1;1;0
1099;0;1;1;1;1;0
1100;0;0;0;0;2;2
1101;1;0;1;1;1;0
1102;1;1;1;0;1;0
1103;0;1;1;1;1;0
1104;1;0;1;1;1;0
1105;0;0;1;2;0;1
1106;0;2;0;1;1;0
1107;0;0;1;3;0;0
1108;0;2;1;1;0;0
1109;0;1;1;1;0;1
1110;0;1;0;0;2;1
1111;0;0;2;0;2;0
1112;0;1;2;1;0;0
1113;0;0;0;2;1;1
1114;0;1;2;0;0;1
1115;0;0;1;0;2;1
1116;0;1;2;0;1;0
1117;0;1;2;1;0;0
1118;0;0;2;0;2;0
1119;0;1;1;0;1;1
1120;0;0;2;0;1;1
1121;0;0;1;2;1;0
1122;1;0;2;1;0;0
1123;1;0;1;1;0;1
1124;0;1;1;1;1;0
1125;0;1;2;1;0;0
1126;0;1;2;1;0;0
1127;0;1;1;2;0;0
1128;0;0;1;1;0;2
1129;0;2;0;0;1;1
1130;1;0;0;2;1;0
1131;0;4;0;0;0;0
1132;0;1;2;1;0;0
1133;1;0;1;1;1;0
1134;0;1;0;1;1;1
1135;0;3;0;1;0;0
1136;0;0;3;1;0;0
1137;0;2;1;1;0;0
1138;1;0;2;1;0;0
1139;1;0;2;0;0;1
1140;0;1;2;0;1;0
1141;0;2;1;1;0;0
1142;0;1;1;2;0;0
1143;0;1;1;1;0;1
1144;0;0;1;1;2;0
1145;0;0;1;3;0;0
1146;0;0;0;2;2;0
1147;0;1;1;0;1;1
1148;1;2;0;0;1;0
1149;1;0;1;1;0;1
1150;0;1;0;2;1;0
1151;0;0;0;0;4;0
1152;0;1;1;1;1;0
1153;0;1;2;0;1;0
1154;0;2;1;0;0;1
1155;0;0;1;2;1;0
1156;0;2;1;0;0;1
1157;0;0;2;0;1;1
1158;0;0;2;1;0;1
1159;0;2;1;1;0;0
1160;1;2;1;0;0;0
1161;1;1;1;0;1;0
1162;1;1;0;0;1;1
1163;0;0;1;2;1;0
1164;0;0;1;1;2;0
1165;0;0;1;2;0;1
1166;0;2;1;1;0;0
1167;0;1;1;2;0;0
1168;0;1;0;3;0;0
1169;0;1;1;1;1;0
1170;0;1;1;0;2;0
1171;0;1;0;0;1;2
1172;0;1;1;1;1;0
1173;0;1;0;2;0;1
1174;0;1;0;3;0;0
1175;0;1;0;2;1;0
1176;0;2;0;0;2;0
1177;0;0;2;2;0;0
1178;0;1;1;0;1;1
1179;0;0;1;2;0;1
1180;0;1;1;2;0;0
1181;0;1;3;0;0;0
1182;1;0;2;0;0;1
1183;0;1;1;1;1;0
1184;1;0;0;1;2;0
1185;0;0;2;2;0;0
1186;0;0;1;2;1;0
1187;0;0;1;2;1;0
1188;1;0;1;2;0;0
1189;0;1;1;2;0;0
1190;1;0;1;0;1;1
1191;0;0;3;0;0;1
1192;1;0;0;2;1;0
1193;0;0;0;3;1;0
1194;0;0;2;2;0;0
1195;0;0;1;1;2;0
1196;0;0;1;1;1;1
1197;0;2;1;1;0;0
1198;0;1;1;0;2;0
1199;1;1;1;1;0;0
1200;0;0;2;1;1;0
1201;0;0;1;3;0;0
1202;0;1;1;1;0;1
1203;0;1;1;2;0;0
1204;0;0;1;1;2;0
1205;0;2;0;1;0;1
1206;1;0;0;0;3;0
1207;0;1;1;0;1;1
1208;2;0;0;1;1;0
1209;0;1;2;1;0;0
1210;0;1;1;1;0;1
1211;0;0;2;1;1;0
1212;1;0;2;0;1;0
1213;0;0;1;1;2;0
1214;0;0;1;2;1;0
1215;0;0;3;0;1;0
1216;0;2;1;0;0;1
1217;1;0;1;0;1;1
1218;1;1;0;1;1;0
1219;1;0;1;2;0;0
1220;0;0;2;1;1;0
1221;1;0;2;0;1;0
1222;0;1;0;2;1;0
1223;0;0;1;3;0;0
1224;0;0;2;0;1;1
1225;0;2;0;1;1;0
1226;1;1;0;2;0;0
1227;0;0;1;2;1;0
1228;0;2;1;1;0;0
1229;0;0;1;2;1;0
1230;1;0;1;2;0;0
1231;1;0;1;1;1;0
1232;0;0;1;2;1;0
1233;0;1;0;2;1;0
1234;0;1;0;2;0;1
1235;0;1;0;2;1;0
1236;0;0;3;1;0;0
1237;1;0;1;1;1;0
1238;1;0;0;2;1;0
1239;1;0;1;0;2;0
1240;0;1;0;1;2;0
1241;0;0;1;2;1;0
1242;1;2;1;0;0;0
1243;0;1;1;0;1;1
1244;0;1;1;2;0;0
1245;1;1;0;1;1;0
1246;1;1;0;0;2;0
1247;1;1;0;1;1;0
1248;0;0;2;1;0;1
1249;0;2;0;0;1;1
1250;1;1;0;0;1;1
1251;0;1;1;1;1;0
1252;0;1;2;0;0;1
1253;0;2;0;2;0;0
1254;0;0;2;1;1;0
1255;1;0;1;0;2;0
1256;1;1;0;1;1;0
1257;1;0;2;1;0;0
1258;0;1;0;2;1;0
1259;0;1;2;0;1;0
1260;0;0;1;1;2;0
1261;0;1;2;1;0;0
1262;0;1;1;0;1;1
1263;1;0;1;1;1;0
1264;0;1;1;1;0;1
1265;0;0;3;0;1;0
1266;0;1;1;0;2;0
1267;1;0;0;2;0;1
1268;0;0;1;1;2;0
1269;0;0;2;2;0;0
1270;1;0;0;1;2;0
1271;1;1;0;0;2;0
1272;0;0;1;3;0;0
1273;0;0;1;0;3;0
1274;0;2;1;1;0;0
1275;0;1;1;0;1;1
1276;1;0;1;1;1;0
1277;1;2;0;1;0;0
1278;0;0;0;2;1;1
1279;0;0;2;1;0;1
1280;0;0;1;2;0;1
1281;0;0;3;1;0;0
1282;0;2;2;0;0;0
1283;0;2;0;1;0;1
1284;0;0;2;0;2;0
1285;0;0;2;1;0;1
1286;0;2;1;0;1;0
1287;0;1;0;2;1;0
1288;0;1;1;1;1;0
1289;1;0;1;0;2;0
1290;0;0;1;2;0;1
1291;1;2;0;0;0;1
1292;0;1;0;3;0;0
1293;0;0;1;0;2;1
1294;0;0;2;2;0;0
1295;0;1;2;0;0;1
1296;1;0;2;1;0;0
1297;1;3;0;0;0;0
1298;0;3;1;0;0;0
1299;0;2;1;0;1;0
1300;1;0;1;1;0;1
1301;0;1;1;0;1;1
1302;0;1;2;0;1;0
1303;1;0;1;2;0;0
1304;1;1;1;0;1;0
1305;1;0;1;1;0;1
1306;1;0;1;2;0;0
1307;1;1;1;0;0;1
1308;0;0;0;2;2;0
1309;1;0;0;2;1;0
1310;0;1;1;1;1;0
1311;1;0;1;0;2;0
1312;0;1;1;1;1;0
1313;0;2;1;0;1;0
1314;2;0;0;1;0;1
1315;0;0;2;1;0;1
1316;1;0;0;1;1;1
1317;0;0;0;2;2;0
1318;0;1;1;1;1;0
1319;1;0;0;1;1;1
1320;0;0;3;0;1;0
1321;0;1;1;1;0;1
1322;1;0;1;2;0;0
1323;0;1;0;1;2;0
1324;0;0;1;2;1;0
1325;0;0;0;2;2;0
1326;0;0;2;2;0;0
1327;0;1;0;2;1;0
1328;2;0;1;1;0;0
1329;1;0;1;1;0;1
1330;0;2;0;1;1;0
1331;0;2;2;0;0;0
1332;1;1;2;0;0;0
1333;0;1;1;0;2;0
1334;1;0;3;0;0;0
1335;2;1;0;1;0;0
1336;1;2;0;1;0;0
1337;0;0;2;1;1;0
1338;0;1;1;1;1;0
1339;0;3;1;0;0;0
1340;0;1;2;0;1;0
1341;1;2;0;1;0;0
1342;0;1;1;1;0;1
1343;0;0;0;3;0;1
1344;1;0;0;2;0;1
1345;1;0;1;2;0;0
1346;0;0;3;0;1;0
1347;0;0;2;0;1;1
1348;0;1;1;0;1;1
1349;1;2;1;0;0;0
1350;0;1;2;0;1;0
1351;0;1;1;1;1;0
1352;0;0;1;3;0;0
1353;0;0;2;1;1;0
1354;1;1;2;0;0;0
1355;1;0;1;1;0;1
1356;0;0;2;1;1;0
1357;0;0;1;2;0;1
1358;0;1;1;0;1;1
1359;0;1;1;0;2;0
1360;0;0;1;2;1;0
1361;0;1;0;0;3;0
1362;0;0;2;0;1;1
1363;0;0;0;2;1;1
1364;1;1;1;1;0;0
1365;1;0;0;2;1;0
1366;0;0;2;0;1;1
1367;0;3;0;1;0;0
1368;0;0;2;1;1;0
1369;1;0;0;2;0;1
1370;0;1;0;2;1;0
1371;0;1;2;1;0;0
1372;1;1;1;1;0;0
1373;1;1;0;1;0;1
1374;0;0;1;1;2;0
1375;0;2;1;1;0;0
1376;0;4;0;0;0;0
1377;0;0;1;1;2;0
1378;0;2;2;0;0;0
1379;1;0;0;2;0;1
1380;1;2;0;0;0;1
1381;0;2;0;1;1;0
1382;0;1;1;2;0;0
1383;0;1;1;0;2;0
1384;0;0;2;2;0;0
1385;0;0;1;3;0;0
1386;0;0;1;2;1;0
1387;1;0;1;1;0;1
1388;0;0;2;0;2;0
1389;2;0;0;0;2;0
1390;1;0;1;1;0;1
1391;0;0;2;1;1;0
1392;0;0;3;1;0;0
1393;0;0;1;1;2;0
1394;1;2;1;0;0;0
1395;0;0;1;1;1;1
1396;0;0;0;4;0;0
1397;0;1;1;1;1;0
1398;0;1;0;3;0;0
1399;0;2;0;0;1;1
1400;0;1;2;1;0;0
1401;0;2;0;2;0;0
1402;0;0;1;2;0;1
1403;0;3;0;1;0;0
1404;0;0;1;1;2;0
1405;0;1;2;0;1;0
1406;0;2;0;1;1;0
1407;1;1;1;1;0;0
1408;1;1;0;1;1;0
1409;0;1;1;1;1;0
1410;0;0;0;2;1;1
1411;0;2;0;0;2;0
1412;0;2;0;0;2;0
1413;1;0;1;1;0;1
1414;1;1;0;0;2;0
1415;0;0;2;2;0;0
1416;1;2;0;0;0;1
1417;0;2;0;1;1;0
1418;1;0;1;0;1;1
1419;0;0;2;1;0;1
1420;1;0;1;2;0;0
1421;1;1;2;0;0;0
1422;1;1;0;1;1;0
1423;0;0;2;0;1;1
1424;0;0;3;1;0;0
1425;0;2;2;0;0;0
1426;1;1;0;1;1;0
1427;0;1;2;1;0;0
1428;1;0;0;2;1;0
1429;1;1;1;0;1;0
1430;0;3;0;1;0;0
1431;0;1;0;1;1;1
1432;0;0;1;3;0;0
1433;0;1;1;1;0;1
1434;0;1;2;0;0;1
1435;0;0;1;1;2;0
1436;0;1;3;0;0;0
1437;0;0;1;1;1;1
1438;0;0;0;3;1;0
1439;0;1;2;1;0;0
1440;0;1;0;2;1;0
1441;1;0;0;2;0;1
1442;0;0;0;2;1;1
1443;0;1;0;2;1;0
1444;0;0;2;2;0;0
1445;0;0;1;3;0;0
1446;0;1;1;0;1;1
1447;0;1;0;2;1;0
1448;0;0;1;1;2;0
1449;0;1;0;2;0;1
1450;1;0;1;1;1;0
1451;0;0;2;1;0;1
1452;1;1;1;1;0;0
1453;0;0;1;1;0;2
1454;0;0;3;1;0;0
1455;0;2;0;0;2;0
1456;0;1;2;1;0;0
1457;0;0;1;2;1;0
1458;0;1;1;2;0;0
1459;0;1;1;0;2;0
1460;0;0;2;2;0;0
1461;2;1;0;1;0;0
1462;0;0;1;2;1;0
1463;0;0;1;2;1;0
1464;1;1;0;2;0;0
1465;0;0;0;2;2;0
1466;1;2;0;1;0;0
1467;0;1;0;2;0;1
1468;1;0;1;1;1;0
1469;0;0;1;2;1;0
1470;1;0;2;1;0;0
1471;0;0;2;2;0;0
1472;0;0;2;1;1;0
1473;0;0;0;1;2;1
1474;1;0;2;0;1;0
1475;0;0;2;1;1;0
1476;0;2;1;1;0;0
1477;0;1;0;1;1;1
1478;0;0;2;1;1;0
1479;0;0;3;1;0;0
1480;0;1;0;0;3;0
1481;0;1;1;1;1;0
1482;1;0;1;1;0;1
1483;0;2;1;1;0;0
1484;0;1;1;2;0;0
1485;0;2;1;0;1;0
1486;0;0;0;3;0;1
1487;0;1;1;0;2;0
1488;1;0;2;0;1;0
1489;0;0;0;4;0;0
1490;0;1;1;2;0;0
1491;1;1;1;0;1;0
1492;1;0;2;0;0;1
1493;0;3;1;0;0;0
1494;0;2;0;0;1;1
1495;0;0;3;1;0;0
1496;0;1;1;1;1;0
1497;0;1;2;1;0;0
1498;0;0;1;1;2;0
1499;0;0;0;1;2;1
1500;0;1;1;1;0;1
