Runde;EINS;ZWEI;DREI;VIER;FUENF;SECHS
1;1;0;1;1;1;0
2;1;0;1;0;0;2
3;0;0;2;1;1;0
4;1;0;1;0;2;0
5;0;1;0;1;1;1
6;0;1;0;1;0;2
7;0;0;1;0;1;2
8;1;1;0;0;2;0
9;0;1;1;0;2;0
10;0;0;0;1;1;2
11;0;0;1;1;1;1
12;0;1;2;1;0;0
13;1;0;0;0;2;1
14;0;1;0;1;1;1
15;1;0;0;2;1;0
16;1;2;0;0;1;0
17;0;0;1;0;1;2
18;0;1;0;1;1;1
19;1;0;0;3;0;0
20;1;2;0;0;1;0
21;0;1;1;1;1;0
22;0;1;0;1;1;1
23;0;1;1;1;1;0
24;1;0;2;0;1;0
25;0;2;0;0;1;1
26;0;0;0;2;2;0
27;0;0;1;0;2;1
28;0;2;1;0;1;0
29;0;2;0;0;0;2
30;0;0;0;1;2;1
31;1;1;1;0;1;0
32;0;0;1;0;2;1
33;3;0;1;0;0;0
34;1;1;1;1;0;0
35;0;1;0;3;0;0
36;0;0;0;1;2;1
37;1;0;1;2;0;0
38;0;3;0;1;0;0
39;1;1;0;2;0;0
40;0;0;1;3;0;0
41;1;1;0;0;2;0
42;1;0;2;1;0;0
43;0;1;1;2;0;0
44;1;0;1;0;1;1
45;0;0;1;0;1;2
46;1;0;1;1;0;1
47;0;1;3;0;0;0
48;0;1;1;1;0;1
49;1;0;2;0;0;1
50;1;0;1;0;1;1
51;1;0;0;2;1;0
52;0;2;2;0;0;0
53;1;0;1;0;0;2
54;1;2;0;0;0;1
55;0;2;0;0;1;1
56;1;1;1;1;0;0
57;0;0;2;1;0;1
58;0;0;0;2;1;1
59;2;0;0;0;1;1
60;1;0;1;0;1;1
61;0;0;1;1;1;1
62;1;2;1;0;0;0
63;2;0;0;0;0;2
64;0;0;1;1;2;0
65;0;1;1;0;1;1
66;0;0;2;0;2;0
67;1;1;0;2;0;0
68;0;0;1;2;1;0
69;0;0;1;1;2;0
70;1;2;0;0;1;0
71;0;1;0;0;2;1
72;0;0;1;2;0;1
73;0;1;0;1;2;0
74;0;2;0;2;0;0
75;1;1;0;1;0;1
76;2;1;0;0;0;1
77;1;0;0;2;0;1
78;0;1;1;1;1;0
79;0;2;1;1;0;0
80;0;2;0;1;0;1
81;1;1;1;0;0;1
82;0;1;1;1;1;0
83;0;1;1;1;1;0
84;0;0;1;0;1;2
85;0;0;1;2;0;1
86;0;1;1;1;1;0
87;1;0;0;1;2;0
88;1;2;0;0;0;1
89;0;1;1;0;2;0
90;0;0;0;0;3;1
91;0;0;0;3;0;1
92;0;1;1;1;1;0
93;0;0;2;1;1;0
94;0;1;1;0;1;1
95;0;2;0;0;2;0
96;1;0;1;0;2;0
97;0;0;0;1;1;2
98;0;2;0;0;2;0
99;1;0;1;0;0;2
100;0;0;1;0;2;1
101;0;1;1;1;1;0
102;0;1;0;1;1;1
103;0;0;0;2;1;1
104;0;1;1;0;1;1
105;0;2;2;0;0;0
106;0;0;1;1;2;0
107;1;1;0;2;0;0
108;1;1;0;0;0;2
109;1;0;0;2;0;1
110;0;0;1;0;1;2
111;2;0;0;1;0;1
112;2;0;1;1;0;0
113;0;0;0;0;3;1
114;0;1;0;2;1;0
115;1;2;1;0;0;0
116;1;1;0;0;2;0
117;1;0;0;0;2;1
118;1;1;0;1;1;0
119;1;1;1;0;1;0
120;0;1;2;0;1;0
121;0;1;0;1;1;1
122;0;1;0;2;1;0
123;1;0;1;1;0;1
124;0;0;0;1;2;1
125;0;0;2;0;2;0
126;1;1;1;1;0;0
127;2;0;0;0;2;0
128;0;0;0;0;4;0
129;0;1;0;0;2;1
130;2;1;1;0;0;0
131;0;2;1;1;0;0
132;0;1;0;0;1;2
133;0;0;2;0;1;1
134;0;1;0;1;1;1
135;0;1;0;2;1;0
136;0;1;2;1;0;0
137;0;0;0;1;1;2
138;0;1;0;3;0;0
139;1;1;0;1;1;0
140;0;2;0;2;0;0
141;0;0;1;0;1;2
142;1;1;0;1;1;0
143;0;1;0;1;0;2
144;0;1;1;0;2;0
145;1;0;1;1;1;0
146;0;1;1;1;0;1
147;1;2;0;1;0;0
148;0;2;1;1;0;0
149;0;0;2;0;1;1
150;0;2;0;0;1;1
151;1;1;0;0;1;1
152;0;1;2;0;1;0
153;2;0;1;1;0;0
154;0;1;2;1;0;0
155;0;0;0;3;0;1
156;1;0;1;2;0;0
157;0;2;0;0;1;1
158;1;0;2;1;0;0
159;0;2;0;1;0;1
160;0;0;0;1;3;0
161;1;1;1;0;1;0
162;0;0;1;2;0;1
163;0;2;0;2;0;0
164;0;0;0;0;1;3
165;0;1;2;0;0;1
166;1;1;0;1;0;1
167;2;0;1;1;0;0
168;1;1;1;1;0;0
169;0;0;1;1;0;2
170;1;1;0;0;2;0
171;1;2;0;0;0;1
172;0;1;0;1;2;0
173;1;0;2;0;1;0
174;0;1;1;2;0;0
175;0;2;0;1;1;0
176;0;0;1;2;1;0
177;1;2;1;0;0;0
178;1;2;0;0;0;1
179;0;1;0;2;0;1
180;1;1;1;0;1;0
181;1;0;1;1;0;1
182;0;1;0;2;1;0
183;1;0;0;1;1;1
184;1;0;0;1;0;2
185;2;0;0;1;0;1
186;1;0;1;2;0;0
187;0;1;0;1;0;2
188;0;0;1;0;1;2
189;1;0;1;0;2;0
190;0;1;1;1;0;1
191;0;2;1;0;0;1
192;0;0;2;1;1;0
193;0;0;1;2;0;1
194;0;2;0;1;1;0
195;0;2;0;1;0;1
196;1;2;0;0;1;0
197;0;3;0;1;0;0
198;2;0;0;2;0;0
199;0;1;0;1;1;1
200;0;0;2;1;1;0
201;0;0;1;0;1;2
202;0;2;1;0;1;0
203;1;0;0;1;1;1
204;0;2;0;1;0;1
205;0;1;1;1;0;1
206;0;0;1;1;2;0
207;1;1;1;1;0;0
208;0;2;0;1;1;0
209;0;1;0;1;0;2
210;0;2;0;0;1;1
211;0;3;0;1;0;0
212;1;1;0;1;1;0
213;0;1;2;0;1;0
214;1;0;0;1;2;0
215;0;0;1;0;2;1
216;2;1;1;0;0;0
217;0;3;1;0;0;0
218;0;1;1;0;0;2
219;1;1;0;1;1;0
220;0;2;0;1;1;0
221;0;2;0;0;1;1
222;2;0;0;2;0;0
223;1;1;0;1;1;0
224;0;0;1;1;0;2
225;0;2;0;0;1;1
226;0;1;1;1;0;1
227;0;1;1;1;0;1
228;0;0;1;0;2;1
229;0;0;0;1;2;1
230;0;1;0;1;1;1
231;0;0;1;2;1;0
232;1;0;1;1;0;1
233;0;2;0;1;0;1
234;0;1;1;2;0;0
235;1;1;1;0;1;0
236;0;0;0;0;1;3
237;0;1;0;1;2;0
238;1;0;0;2;1;0
239;0;0;2;2;0;0
240;0;2;0;0;0;2
241;1;1;2;0;0;0
242;1;0;1;0;0;2
243;0;1;0;1;1;1
244;0;1;1;1;1;0
245;0;0;2;1;1;0
246;0;1;1;1;1;0
247;0;0;1;3;0;0
248;1;1;0;0;1;1
249;0;0;0;2;1;1
250;2;0;0;1;0;1
251;0;1;0;1;2;0
252;0;0;1;0;2;1
253;1;0;1;0;1;1
254;2;0;0;0;2;0
255;1;2;0;1;0;0
256;1;2;1;0;0;0
257;0;0;0;2;0;2
258;1;1;1;0;0;1
259;2;0;0;0;0;2
260;1;0;0;2;0;1
261;3;1;0;0;0;0
262;0;0;0;1;2;1
263;0;1;0;1;0;2
264;1;0;2;0;1;0
265;1;0;0;3;0;0
266;0;0;0;2;2;0
267;0;1;1;1;1;0
268;0;0;1;2;1;0
269;0;2;1;0;1;0
270;1;0;1;1;1;0
271;1;1;1;0;0;1
272;0;1;1;1;0;1
273;0;0;2;0;2;0
274;1;0;0;1;2;0
275;0;2;0;0;1;1
276;0;0;1;1;0;2
277;2;0;1;1;0;0
278;1;0;1;1;0;1
279;0;3;0;0;0;1
280;1;1;0;1;0;1
281;2;0;0;2;0;0
282;1;1;2;0;0;0
283;2;0;1;1;0;0
284;0;2;1;0;0;1
285;1;0;1;1;0;1
286;0;0;2;0;1;1
287;0;0;0;2;0;2
288;1;0;0;1;2;0
289;1;0;0;1;1;1
290;1;1;1;1;0;0
291;1;1;0;1;1;0
292;2;0;1;0;0;1
293;0;2;0;0;0;2
294;0;2;1;0;0;1
295;0;1;1;1;0;1
296;1;2;1;0;0;0
297;0;1;1;1;0;1
298;0;0;2;1;0;1
299;1;0;2;1;0;0
300;3;0;0;0;0;1
301;1;0;1;0;2;0
302;0;0;2;0;1;1
303;0;0;0;3;0;1
304;0;1;1;1;0;1
305;1;1;0;0;1;1
306;0;0;1;1;2;0
307;0;0;2;0;1;1
308;1;1;1;0;0;1
309;2;0;1;0;0;1
310;2;2;0;0;0;0
311;1;0;3;0;0;0
312;0;2;0;1;0;1
313;0;3;1;0;0;0
314;0;1;2;0;1;0
315;0;0;2;0;1;1
316;0;1;0;1;1;1
317;1;1;1;0;1;0
318;0;1;0;0;2;1
319;1;1;0;2;0;0
320;0;2;0;0;1;1
321;1;2;1;0;0;0
322;1;1;1;0;0;1
323;0;2;1;1;0;0
324;1;1;1;1;0;0
325;0;0;1;1;0;2
326;1;1;0;2;0;0
327;0;3;0;1;0;0
328;0;1;0;1;1;1
329;0;2;1;1;0;0
330;0;1;1;1;0;1
331;1;1;0;0;1;1
332;1;1;0;0;1;1
333;0;1;1;0;2;0
334;0;1;2;0;0;1
335;0;1;0;0;1;2
336;0;0;1;0;2;1
337;0;2;0;1;0;1
338;0;0;3;0;1;0
339;0;2;0;0;2;0
340;2;1;1;0;0;0
341;1;0;0;1;2;0
342;0;0;1;1;2;0
343;0;0;1;0;2;1
344;0;2;0;1;1;0
345;2;0;2;0;0;0
346;0;1;1;1;1;0
347;1;1;1;0;1;0
348;1;0;1;2;0;0
349;0;0;1;1;1;1
350;1;0;0;0;1;2
351;1;1;0;1;0;1
352;0;1;1;1;1;0
353;1;1;0;1;1;0
354;2;1;0;0;1;0
355;1;1;2;0;0;0
356;1;1;0;0;0;2
357;1;0;0;1;1;1
358;1;1;2;0;0;0
359;2;1;1;0;0;0
360;2;0;0;2;0;0
361;0;1;2;1;0;0
362;0;2;0;1;0;1
363;1;1;1;1;0;0
364;1;0;0;2;0;1
365;0;2;1;1;0;0
366;0;1;2;1;0;0
367;0;0;1;1;1;1
368;0;0;1;0;2;1
369;2;2;0;0;0;0
370;0;0;2;2;0;0
371;0;2;1;1;0;0
372;0;0;1;1;1;1
373;0;1;1;0;1;1
374;1;0;0;2;1;0
375;0;2;0;2;0;0
376;1;0;0;2;1;0
377;1;0;1;0;1;1
378;0;1;1;1;0;1
379;1;2;1;0;0;0
380;2;0;1;1;0;0
381;2;0;0;0;0;2
382;0;0;1;0;1;2
383;1;1;0;1;1;0
384;0;1;0;0;2;1
385;0;0;1;2;0;1
386;0;0;1;1;1;1
387;0;0;1;0;2;1
388;0;1;0;1;2;0
389;1;1;1;0;0;1
390;1;1;1;0;0;1
391;0;1;0;0;1;2
392;0;0;2;0;2;0
393;0;1;1;1;0;1
394;0;2;1;0;0;1
395;1;0;0;2;1;0
396;0;0;1;1;2;0
397;1;0;2;0;1;0
398;3;1;0;0;0;0
399;2;1;0;0;1;0
400;1;0;0;1;1;1
401;0;0;1;1;1;1
402;1;0;1;1;0;1
403;1;1;1;0;1;0
404;0;0;1;1;0;2
405;0;1;1;1;0;1
406;0;1;1;1;0;1
407;2;0;1;0;1;0
408;0;1;1;0;2;0
409;0;1;1;1;0;1
410;0;3;0;1;0;0
411;0;0;1;2;0;1
412;0;0;1;1;1;1
413;1;0;1;2;0;0
414;2;0;0;1;1;0
415;1;1;0;2;0;0
416;0;1;0;3;0;0
417;0;1;0;0;0;3
418;0;1;0;2;0;1
419;0;2;0;1;1;0
420;0;2;1;0;0;1
421;1;0;1;0;1;1
422;0;0;0;3;1;0
423;2;1;0;1;0;0
424;1;1;0;0;1;1
425;0;1;0;1;1;1
426;0;0;0;0;2;2
427;0;0;1;0;2;1
428;0;0;2;0;2;0
429;2;0;0;1;0;1
430;0;2;0;1;0;1
431;1;1;1;1;0;0
432;1;2;0;1;0;0
433;0;2;2;0;0;0
434;0;1;1;1;0;1
435;0;1;0;2;1;0
436;1;1;0;0;2;0
437;1;0;0;2;1;0
438;1;0;1;2;0;0
439;2;0;0;0;2;0
440;0;3;0;0;1;0
441;1;0;2;0;0;1
442;1;1;1;0;0;1
443;1;1;1;0;0;1
444;0;1;2;1;0;0
445;2;1;0;1;0;0
446;2;1;0;0;0;1
447;1;1;1;0;0;1
448;0;1;0;1;0;2
449;1;1;0;2;0;0
450;0;1;0;1;1;1
451;0;0;0;3;0;1
452;2;0;0;0;1;1
453;0;1;1;0;1;1
454;1;1;1;0;0;1
455;0;1;0;1;0;2
456;0;0;0;1;1;2
457;0;0;2;0;1;1
458;2;1;0;1;0;0
459;0;0;0;2;2;0
460;0;1;1;1;0;1
461;0;2;0;0;1;1
462;0;0;2;1;1;0
463;0;3;0;0;1;0
464;1;0;0;0;2;1
465;2;0;1;0;1;0
466;0;0;3;0;0;1
467;2;0;1;0;0;1
468;0;0;1;2;0;1
469;1;1;1;1;0;0
470;1;1;1;0;1;0
471;0;2;1;0;1;0
472;0;1;2;0;0;1
473;0;1;2;0;1;0
474;1;0;0;0;3;0
475;1;0;1;0;0;2
476;1;0;2;0;0;1
477;0;0;3;0;0;1
478;1;0;1;2;0;0
479;0;1;0;1;1;1
480;2;1;0;0;1;0
481;1;0;0;3;0;0
482;1;1;0;2;0;0
483;2;1;0;1;0;0
484;0;2;1;1;0;0
485;1;0;0;2;1;0
486;1;0;0;1;0;2
487;0;1;0;0;1;2
488;0;2;0;0;1;1
489;0;1;2;0;1;0
490;0;0;1;0;1;2
491;0;2;1;0;1;0
492;1;0;0;2;1;0
493;2;0;1;0;1;0
494;3;1;0;0;0;0
495;2;0;0;1;1;0
496;0;2;1;0;1;0
497;0;1;0;0;2;1
498;1;0;0;0;2;1
499;0;1;0;1;2;0
500;1;1;0;1;0;1
501;1;0;0;2;0;1
502;0;0;0;2;2;0
503;1;0;0;1;1;1
504;1;0;1;1;1;0
505;0;0;1;0;3;0
506;0;2;0;0;1;1
507;0;1;1;1;1;0
508;1;0;3;0;0;0
509;1;0;1;0;1;1
510;1;0;2;0;1;0
511;0;1;1;0;2;0
512;0;0;2;1;0;1
513;0;2;0;1;0;1
514;1;1;0;1;1;0
515;1;1;0;0;1;1
516;0;1;1;1;1;0
517;2;0;1;0;1;0
518;1;1;1;1;0;0
519;1;0;1;1;1;0
520;1;0;1;1;0;1
521;1;0;1;1;1;0
522;0;0;1;1;2;0
523;1;0;1;0;2;0
524;0;2;0;1;0;1
525;1;0;0;1;1;1
526;0;1;2;1;0;0
527;0;1;2;0;1;0
528;1;1;0;0;0;2
529;0;0;1;1;0;2
530;0;1;1;1;1;0
531;1;1;2;0;0;0
532;1;0;0;0;1;2
533;1;0;1;1;0;1
534;0;1;0;1;1;1
535;0;0;0;0;2;2
536;0;0;1;0;1;2
537;0;1;0;0;1;2
538;0;0;0;2;1;1
539;0;2;0;0;1;1
540;1;1;1;0;1;0
541;1;1;0;1;0;1
542;0;0;0;2;1;1
543;1;0;1;0;1;1
544;0;2;0;0;2;0
545;1;2;0;1;0;0
546;2;0;0;1;1;0
547;0;1;1;0;2;0
548;1;1;0;0;2;0
549;1;0;0;0;2;1
550;0;0;0;0;2;2
551;1;2;0;0;1;0
552;2;0;1;1;0;0
553;1;0;1;0;1;1
554;0;0;0;3;0;1
555;0;1;0;2;1;0
556;2;0;1;1;0;0
557;0;1;0;0;2;1
558;2;0;0;1;0;1
559;1;0;1;1;1;0
560;1;0;0;2;0;1
561;1;0;0;2;1;0
562;0;1;0;1;1;1
563;0;1;0;1;1;1
564;0;0;1;1;2;0
565;1;0;0;3;0;0
566;2;1;0;0;0;1
567;2;1;1;0;0;0
568;0;0;1;1;2;0
569;0;1;1;1;1;0
570;3;0;0;0;0;1
571;1;0;1;1;1;0
572;4;0;0;0;0;0
573;0;1;1;0;1;1
574;0;0;1;1;1;1
575;0;0;0;1;1;2
576;2;0;0;1;1;0
577;0;1;0;0;1;2
578;1;2;1;0;0;0
579;0;0;2;1;0;1
580;0;1;0;1;0;2
581;0;0;1;2;1;0
582;0;1;1;1;0;1
583;1;2;0;1;0;0
584;0;0;0;0;2;2
585;1;2;1;0;0;0
586;2;1;1;0;0;0
587;1;1;1;1;0;0
588;1;1;0;0;1;1
589;1;0;1;1;0;1
590;0;0;3;1;0;0
591;0;0;1;2;1;0
592;0;1;0;1;0;2
593;0;1;2;0;0;1
594;1;0;2;0;0;1
595;1;1;1;0;1;0
596;0;3;0;0;0;1
597;1;0;1;2;0;0
598;1;0;1;0;0;2
599;0;1;1;1;0;1
600;1;0;0;1;0;2
601;0;0;0;3;1;0
602;1;1;0;0;1;1
603;3;0;0;0;1;0
604;2;0;1;0;0;1
605;0;1;0;1;1;1
606;0;1;2;1;0;0
607;1;2;0;0;0;1
608;2;0;0;2;0;0
609;1;0;2;1;0;0
610;0;0;1;0;3;0
611;1;2;0;1;0;0
612;0;1;0;1;1;1
613;1;0;1;0;0;2
614;0;0;2;2;0;0
615;1;0;0;0;0;3
616;0;0;2;2;0;0
617;0;2;0;1;0;1
618;0;0;0;0;4;0
619;2;1;1;0;0;0
620;3;0;1;0;0;0
621;0;1;1;1;1;0
622;0;1;0;1;1;1
623;0;1;2;0;1;0
624;1;0;1;1;0;1
625;1;0;0;2;0;1
626;1;0;2;0;1;0
627;0;1;0;2;1;0
628;0;0;0;2;2;0
629;1;0;2;0;1;0
630;0;2;1;0;0;1
631;0;0;0;2;2;0
632;0;0;1;1;1;1
633;0;0;0;2;2;0
634;0;1;1;0;0;2
635;1;1;0;1;0;1
636;2;1;0;0;1;0
637;0;1;1;1;0;1
638;2;0;0;1;0;1
639;0;2;0;0;1;1
640;0;0;1;0;2;1
641;0;0;2;2;0;0
642;2;0;0;1;1;0
643;0;1;0;2;1;0
644;0;0;1;2;1;0
645;0;0;0;0;2;2
646;2;0;0;1;0;1
647;0;2;0;1;0;1
648;2;1;1;0;0;0
649;1;0;1;1;1;0
650;1;0;0;1;2;0
651;0;1;0;1;1;1
652;2;1;0;0;1;0
653;1;0;0;1;1;1
654;2;0;1;0;1;0
655;1;0;1;0;1;1
656;0;1;2;1;0;0
657;0;1;0;3;0;0
658;0;1;0;0;2;1
659;0;0;1;1;0;2
660;1;1;0;1;1;0
661;2;2;0;0;0;0
662;0;1;1;0;1;1
663;0;1;0;1;1;1
664;0;0;1;1;1;1
665;0;2;1;0;0;1
666;1;1;0;1;0;1
667;0;0;2;0;2;0
668;0;2;1;0;1;0
669;0;0;1;1;0;2
670;2;0;0;0;1;1
671;0;1;1;1;1;0
672;1;1;0;2;0;0
673;1;1;0;0;1;1
674;0;0;1;1;2;0
675;2;0;0;1;1;0
676;3;1;0;0;0;0
677;2;1;0;0;1;0
678;0;0;1;1;0;2
679;0;1;0;1;1;1
680;0;1;1;2;0;0
681;2;0;1;1;0;0
682;1;0;1;1;0;1
683;0;0;3;1;0;0
684;1;1;1;0;0;1
685;0;1;1;1;1;0
686;0;0;0;1;3;0
687;1;0;2;0;0;1
688;0;0;1;1;1;1
689;0;1;1;1;0;1
690;0;0;1;2;0;1
691;0;0;1;1;1;1
692;1;1;0;0;0;2
693;2;1;0;1;0;0
694;0;0;2;1;0;1
695;2;0;1;0;1;0
696;1;1;1;0;0;1
697;0;1;0;0;1;2
698;0;1;1;1;0;1
699;0;1;1;1;1;0
700;1;0;0;1;2;0
701;0;0;0;1;3;0
702;0;1;0;0;1;2
703;1;0;1;1;1;0
704;2;1;1;0;0;0
705;1;1;0;0;1;1
706;0;1;0;0;3;0
707;1;0;1;0;1;1
708;0;1;0;1;1;1
709;1;2;0;0;0;1
710;1;0;1;0;1;1
711;0;1;1;1;0;1
712;0;0;0;2;0;2
713;0;0;1;0;1;2
714;1;1;0;1;0;1
715;1;1;1;0;1;0
716;0;1;1;0;0;2
717;0;0;3;0;0;1
718;0;0;0;1;1;2
719;1;1;0;0;0;2
720;0;1;1;2;0;0
721;0;1;2;1;0;0
722;1;1;0;0;1;1
723;0;2;0;1;1;0
724;1;1;0;1;1;0
725;1;0;1;1;0;1
726;1;1;0;1;0;1
727;1;1;0;0;1;1
728;0;2;0;0;1;1
729;2;0;0;2;0;0
730;2;0;0;0;0;2
731;1;2;1;0;0;0
732;0;0;1;1;1;1
733;1;1;0;1;0;1
734;1;0;2;0;1;0
735;0;2;1;1;0;0
736;0;0;2;1;0;1
737;0;0;0;3;1;0
738;1;0;0;0;2;1
739;1;0;0;0;2;1
740;1;0;0;2;0;1
741;1;0;2;0;1;0
742;0;0;0;3;0;1
743;1;1;0;1;0;1
744;0;0;1;0;2;1
745;1;0;1;0;1;1
746;0;0;1;0;2;1
747;1;0;0;2;1;0
748;0;0;0;2;0;2
749;0;2;1;1;0;0
750;2;0;0;1;0;1
751;2;0;0;2;0;0
752;0;2;0;0;2;0
753;0;0;0;2;2;0
754;0;2;1;0;0;1
755;0;2;0;1;1;0
756;0;0;1;1;0;2
757;0;0;2;0;1;1
758;1;0;0;3;0;0
759;0;2;0;1;0;1
760;0;0;1;1;1;1
761;1;0;0;1;2;0
762;1;1;1;0;0;1
763;0;1;0;1;2;0
764;2;0;0;2;0;0
765;0;0;1;1;1;1
766;1;1;1;0;1;0
767;0;0;2;0;1;1
768;1;0;0;1;2;0
769;1;1;0;2;0;0
770;1;0;2;0;0;1
771;1;1;1;1;0;0
772;1;0;2;1;0;0
773;0;0;0;1;2;1
774;1;1;2;0;0;0
775;1;1;1;1;0;0
776;1;1;0;0;0;2
777;0;1;1;1;0;1
778;0;1;1;0;0;2
779;2;0;1;0;1;0
780;1;0;1;2;0;0
781;1;3;0;0;0;0
782;0;0;2;1;0;1
783;1;1;0;0;0;2
784;0;2;1;1;0;0
785;1;2;0;0;1;0
786;1;2;0;0;1;0
787;1;1;0;1;0;1
788;1;2;0;0;0;1
789;1;1;0;0;0;2
790;0;1;0;0;0;3
791;2;0;1;0;1;0
792;0;0;0;2;1;1
793;0;0;0;1;1;2
794;2;0;0;0;0;2
795;0;1;0;1;1;1
796;0;0;1;2;1;0
797;0;2;1;1;0;0
798;0;0;0;1;2;1
799;0;1;0;1;1;1
800;0;0;1;2;1;0
801;1;1;1;0;1;0
802;1;0;2;0;1;0
803;0;0;1;0;1;2
804;2;0;0;0;1;1
805;1;0;0;0;1;2
806;1;0;1;0;0;2
807;1;1;1;0;0;1
808;0;0;0;2;1;1
809;0;0;2;0;1;1
810;1;2;0;1;0;0
811;2;1;0;0;1;0
812;1;2;0;0;1;0
813;1;0;2;0;1;0
814;0;0;1;0;0;3
815;1;0;1;0;1;1
816;2;0;0;0;1;1
817;0;2;0;2;0;0
818;0;1;1;0;1;1
819;0;0;1;1;2;0
820;0;0;1;1;1;1
821;1;1;1;0;0;1
822;2;0;1;0;1;0
823;1;1;1;0;1;0
824;2;1;0;1;0;0
825;0;1;1;1;1;0
826;3;0;0;0;0;1
827;0;2;1;1;0;0
828;2;0;1;1;0;0
829;1;0;2;1;0;0
830;0;0;0;2;2;0
831;0;0;1;0;1;2
832;1;1;0;1;0;1
833;0;1;1;0;2;0
834;0;0;0;1;1;2
835;1;1;1;0;1;0
836;1;0;1;1;1;0
837;1;3;0;0;0;0
838;1;1;1;0;0;1
839;0;0;1;0;2;1
840;0;0;2;0;1;1
841;0;0;1;0;1;2
842;0;1;0;0;0;3
843;1;0;1;2;0;0
844;0;0;0;1;3;0
845;0;1;1;0;2;0
846;0;0;0;1;1;2
847;1;0;2;0;0;1
848;0;1;1;0;1;1
849;0;1;1;0;1;1
850;1;0;0;1;0;2
851;0;1;0;3;0;0
852;1;1;0;1;1;0
853;1;1;0;1;0;1
854;4;0;0;0;0;0
855;1;1;1;0;0;1
856;1;0;0;1;1;1
857;0;2;0;0;1;1
858;2;1;0;0;1;0
859;1;0;1;2;0;0
860;0;0;1;1;0;2
861;0;0;2;0;0;2
862;0;0;2;0;0;2
863;0;0;1;1;1;1
864;0;1;1;1;0;1
865;2;0;1;0;0;1
866;1;0;1;1;0;1
867;1;0;0;0;2;1
868;0;2;0;1;1;0
869;0;1;0;2;0;1
870;1;0;1;1;0;1
871;1;0;0;1;1;1
872;0;0;2;1;1;0
873;0;1;0;1;0;2
874;0;0;3;1;0;0
875;2;0;0;0;2;0
876;0;0;1;0;3;0
877;1;1;0;1;0;1
878;0;0;1;1;1;1
879;1;2;0;0;0;1
880;0;1;1;1;1;0
881;0;0;0;2;0;2
882;1;1;0;0;1;1
883;0;1;0;1;1;1
884;0;2;0;1;0;1
885;0;2;0;1;0;1
886;0;0;2;0;2;0
887;0;2;1;0;0;1
888;1;1;0;1;1;0
889;1;0;0;1;0;2
890;0;0;0;2;1;1
891;2;1;0;0;1;0
892;1;2;1;0;0;0
893;0;0;1;1;2;0
894;1;0;0;0;2;1
895;1;0;0;1;1;1
896;0;1;0;2;1;0
897;0;1;1;1;1;0
898;1;0;0;1;2;0
899;1;1;0;0;2;0
900;1;0;1;1;0;1
901;1;0;1;0;2;0
902;1;0;1;1;1;0
903;0;0;2;1;1;0
904;0;0;0;1;3;0
905;1;2;0;1;0;0
906;0;1;2;0;0;1
907;1;0;0;0;2;1
908;0;1;2;1;0;0
909;1;0;0;1;0;2
910;0;2;1;0;0;1
911;0;0;2;1;0;1
912;2;0;0;0;1;1
913;0;0;1;0;2;1
914;1;1;1;1;0;0
915;1;1;1;0;0;1
916;0;2;0;1;1;0
917;0;1;0;0;2;1
918;0;0;1;1;2;0
919;1;0;1;1;1;0
920;0;1;0;2;1;0
921;0;0;3;1;0;0
922;0;0;0;1;2;1
923;0;0;0;2;0;2
924;0;1;1;1;0;1
925;0;0;1;1;1;1
926;0;2;0;0;1;1
927;0;1;1;0;1;1
928;0;0;3;0;0;1
929;0;2;0;0;1;1
930;1;1;0;0;1;1
931;1;0;1;0;1;1
932;0;0;1;0;2;1
933;0;0;3;0;1;0
934;0;1;0;1;0;2
935;1;0;0;3;0;0
936;0;0;0;1;1;2
937;0;2;1;1;0;0
938;0;1;1;0;2;0
939;2;0;0;2;0;0
940;0;2;1;1;0;0
941;0;0;2;0;1;1
942;0;0;1;1;1;1
943;1;0;1;1;1;0
944;1;1;0;1;1;0
945;0;0;0;2;0;2
946;2;0;0;1;0;1
947;0;0;0;0;2;2
948;0;3;0;0;1;0
949;1;0;0;0;1;2
950;1;1;0;1;1;0
951;2;1;0;0;0;1
952;0;0;0;3;0;1
953;0;1;0;2;0;1
954;0;0;1;1;2;0
955;1;0;2;0;1;0
956;1;2;0;1;0;0
957;2;0;0;2;0;0
958;1;0;0;2;1;0
959;0;1;1;1;0;1
960;0;0;1;1;1;1
961;0;1;0;2;1;0
962;0;1;2;0;0;1
963;1;0;0;1;0;2
964;0;2;0;1;1;0
965;0;1;1;0;0;2
966;1;0;0;1;1;1
967;0;1;0;1;2;0
968;1;1;0;1;0;1
969;2;1;0;1;0;0
970;0;1;1;0;2;0
971;2;0;0;1;0;1
972;2;0;0;1;1;0
973;1;1;0;0;1;1
974;1;1;1;0;0;1
975;1;1;1;0;1;0
976;1;0;0;0;2;1
977;0;2;1;0;0;1
978;1;1;0;0;0;2
979;0;1;2;1;0;0
980;1;0;0;0;0;3
981;1;1;0;1;1;0
982;0;0;1;0;1;2
983;1;0;0;1;1;1
984;0;2;0;1;0;1
985;0;0;2;1;0;1
986;0;0;1;0;0;3
987;0;1;0;1;1;1
988;2;1;0;0;0;1
989;1;0;0;0;2;1
990;2;0;1;1;0;0
991;1;0;0;1;2;0
992;0;0;0;1;2;1
993;0;1;0;2;1;0
994;1;0;1;1;1;0
995;1;0;0;0;0;3
996;0;2;0;0;2;0
997;0;1;2;0;0;1
998;0;0;0;2;0;2
999;0;1;1;0;0;2
1000;1;0;1;0;2;0
1001;1;0;0;1;2;0
1002;1;1;1;1;0;0
1003;0;0;1;0;3;0
1004;0;0;1;0;1;2
1005;1;1;0;1;0;1
1006;1;1;0;1;1;0
1007;3;1;0;0;0;0
1008;1;1;0;2;0;0
1009;0;2;2;0;0;0
1010;1;1;2;0;0;0
1011;0;1;0;1;0;2
1012;1;1;0;1;0;1
1013;0;0;1;1;2;0
1014;2;0;1;1;0;0
1015;0;1;0;1;0;2
1016;2;0;0;1;0;1
1017;0;1;0;0;1;2
1018;0;1;0;1;0;2
1019;1;1;2;0;0;0
1020;0;0;1;0;1;2
1021;0;1;1;2;0;0
1022;0;1;1;0;2;0
1023;1;0;2;0;1;0
1024;2;0;2;0;0;0
1025;0;0;2;1;0;1
1026;1;1;1;1;0;0
1027;0;1;2;0;0;1
1028;1;1;1;0;1;0
1029;0;1;0;0;1;2
1030;0;1;0;0;1;2
1031;0;0;0;1;0;3
1032;1;0;0;0;1;2
1033;0;2;0;0;1;1
1034;1;0;0;1;1;1
1035;1;2;0;1;0;0
1036;1;2;0;0;0;1
1037;0;0;1;1;2;0
1038;0;1;1;1;0;1
1039;0;0;1;0;2;1
1040;0;1;1;1;0;1
1041;1;0;1;1;0;1
1042;0;1;0;0;1;2
1043;1;2;0;1;0;0
1044;0;2;0;1;1;0
1045;1;1;0;0;1;1
1046;0;0;1;0;1;2
1047;0;0;1;1;0;2
1048;1;0;1;1;0;1
1049;0;0;2;2;0;0
1050;2;0;0;1;1;0
1051;0;1;2;1;0;0
1052;1;0;0;1;0;2
1053;0;1;0;3;0;0
1054;1;1;0;1;1;0
1055;0;1;1;2;0;0
1056;1;2;0;0;1;0
1057;0;1;0;1;0;2
1058;1;0;0;1;1;1
1059;0;1;0;0;3;0
1060;0;1;1;1;0;1
1061;1;0;1;0;1;1
1062;0;2;0;0;0;2
1063;0;1;0;0;2;1
1064;0;1;1;0;1;1
1065;0;2;0;1;1;0
1066;1;0;0;2;0;1
1067;0;0;1;2;0;1
1068;0;1;2;1;0;0
1069;0;1;1;0;1;1
1070;0;1;0;0;2;1
1071;1;1;1;0;0;1
1072;0;1;1;1;0;1
1073;1;1;1;1;0;0
1074;0;0;0;1;0;3
1075;0;1;1;1;1;0
1076;0;1;1;1;0;1
1077;0;1;0;1;1;1
1078;1;2;1;0;0;0
1079;1;0;0;0;1;2
1080;0;1;1;0;1;1
1081;1;0;0;0;3;0
1082;0;0;1;0;0;3
1083;1;2;0;1;0;0
1084;1;1;1;0;1;0
1085;1;0;0;1;2;0
1086;0;0;1;2;1;0
1087;0;0;1;1;1;1
1088;0;0;0;3;1;0
1089;0;1;0;1;1;1
1090;1;1;0;0;2;0
1091;0;0;2;0;1;1
1092;0;0;2;0;2;0
1093;0;2;1;0;0;1
1094;0;1;2;0;0;1
1095;1;0;0;0;2;1
1096;2;0;1;0;1;0
1097;0;1;1;1;1;0
1098;1;0;0;1;1;1
1099;0;0;1;1;0;2
1100;0;2;2;0;0;0
1101;0;0;0;2;1;1
1102;0;0;1;1;2;0
1103;1;0;1;2;0;0
1104;0;1;2;1;0;0
1105;0;1;0;1;2;0
1106;0;0;1;0;3;0
1107;0;0;2;0;1;1
1108;0;1;1;1;1;0
1109;0;0;1;0;1;2
1110;0;1;1;0;0;2
1111;1;1;0;1;0;1
1112;0;1;0;1;0;2
1113;1;1;0;1;0;1
1114;0;0;1;1;0;2
1115;0;0;1;1;1;1
1116;0;0;0;1;2;1
1117;0;0;1;2;1;0
1118;0;0;1;1;2;0
1119;0;0;1;1;2;0
1120;1;0;1;2;0;0
1121;0;1;2;0;0;1
1122;1;0;1;0;1;1
1123;0;1;1;2;0;0
1124;0;1;1;1;0;1
1125;0;2;0;0;1;1
1126;0;1;0;2;0;1
1127;1;2;0;0;1;0
1128;0;2;0;1;1;0
1129;0;0;1;1;2;0
1130;0;1;1;0;1;1
1131;0;1;2;1;0;0
1132;0;1;1;1;1;0
1133;2;0;2;0;0;0
1134;1;1;0;1;0;1
1135;0;0;0;1;2;1
1136;1;0;1;1;1;0
1137;1;1;0;1;1;0
1138;0;1;2;0;0;1
1139;1;0;1;2;0;0
1140;1;0;2;0;0;1
1141;2;0;0;1;0;1
1142;2;0;0;1;1;0
1143;1;0;0;1;2;0
1144;1;0;1;0;0;2
1145;0;0;1;2;0;1
1146;0;0;0;2;1;1
1147;0;1;0;2;1;0
1148;1;1;1;0;0;1
1149;1;0;0;2;0;1
1150;0;1;0;1;1;1
1151;0;1;0;1;1;1
1152;0;3;0;0;0;1
1153;0;2;0;0;0;2
1154;1;1;0;1;0;1
1155;1;1;0;1;1;0
1156;1;0;0;1;1;1
1157;0;0;1;0;1;2
1158;0;2;1;1;0;0
1159;0;1;2;1;0;0
1160;1;0;1;0;0;2
1161;1;1;0;1;0;1
1162;1;2;1;0;0;0
1163;0;0;1;2;0;1
1164;0;0;2;0;2;0
1165;1;2;0;1;0;0
1166;0;0;0;3;0;1
1167;1;2;1;0;0;0
1168;0;0;1;0;1;2
1169;1;0;0;0;1;2
1170;1;2;0;0;1;0
1171;1;0;2;0;0;1
1172;0;0;1;1;1;1
1173;2;0;1;0;1;0
1174;0;0;0;0;2;2
1175;0;1;1;1;0;1
1176;1;2;0;1;0;0
1177;0;0;1;0;1;2
1178;0;2;0;1;0;1
1179;1;0;0;2;1;0
1180;0;1;1;0;0;2
1181;0;0;1;2;0;1
1182;0;0;0;3;1;0
1183;0;1;0;1;0;2
1184;0;0;2;1;0;1
1185;1;0;1;0;1;1
1186;1;0;0;1;1;1
1187;0;0;2;0;1;1
1188;1;0;1;0;2;0
1189;0;2;1;1;0;0
1190;1;0;0;0;2;1
1191;1;0;0;1;2;0
1192;1;2;0;0;1;0
1193;0;1;2;0;1;0
1194;0;1;1;2;0;0
1195;1;1;0;0;0;2
1196;1;0;0;0;2;1
1197;0;0;1;0;3;0
1198;0;1;1;0;1;1
1199;0;1;0;0;1;2
1200;2;1;0;0;1;0
1201;2;0;1;1;0;0
1202;2;0;0;0;2;0
1203;1;1;0;1;1;0
1204;1;1;1;1;0;0
1205;2;1;0;0;1;0
1206;0;1;0;2;1;0
1207;1;0;2;0;1;0
1208;1;2;0;0;0;1
1209;1;0;1;0;1;1
1210;2;1;1;0;0;0
1211;0;1;1;1;0;1
1212;1;0;1;0;2;0
1213;1;1;0;1;0;1
1214;0;1;0;2;1;0
1215;0;1;0;1;1;1
1216;0;0;0;1;1;2
1217;1;0;2;1;0;0
1218;1;0;1;0;1;1
1219;0;0;1;1;1;1
1220;1;0;1;1;1;0
1221;0;1;0;2;0;1
1222;1;1;0;0;0;2
1223;2;1;0;0;0;1
1224;1;3;0;0;0;0
1225;1;1;0;0;2;0
1226;0;0;1;0;0;3
1227;2;0;2;0;0;0
1228;0;1;0;1;1;1
1229;1;1;1;1;0;0
1230;1;1;1;1;0;0
1231;0;0;2;0;0;2
1232;0;1;1;0;0;2
1233;1;0;0;1;1;1
1234;1;0;1;2;0;0
1235;1;1;0;1;0;1
1236;0;2;0;1;1;0
1237;0;1;1;1;0;1
1238;1;1;0;1;0;1
1239;1;0;0;1;1;1
1240;1;0;2;0;0;1
1241;1;0;0;2;1;0
1242;1;1;1;0;1;0
1243;0;1;0;2;1;0
1244;0;2;0;1;0;1
1245;1;0;0;0;3;0
1246;0;3;0;0;0;1
1247;3;1;0;0;0;0
1248;0;2;0;0;2;0
1249;2;0;1;1;0;0
1250;1;1;2;0;0;0
1251;2;0;1;0;1;0
1252;1;1;1;1;0;0
1253;2;0;1;0;1;0
1254;1;2;1;0;0;0
1255;0;0;1;1;1;1
1256;0;0;0;1;2;1
1257;1;0;1;1;1;0
1258;0;1;1;2;0;0
1259;1;1;0;1;1;0
1260;2;1;0;0;0;1
1261;0;2;0;1;1;0
1262;1;0;0;1;1;1
1263;1;1;1;0;1;0
1264;1;0;2;0;0;1
1265;1;2;1;0;0;0
1266;2;1;0;1;0;0
1267;1;0;1;1;1;0
1268;0;0;0;0;2;2
1269;1;1;2;0;0;0
1270;0;1;0;1;1;1
1271;0;0;2;0;2;0
1272;0;0;2;0;1;1
1273;0;0;1;1;0;2
1274;2;0;0;1;0;1
1275;1;1;1;1;0;0
1276;1;0;1;0;1;1
1277;0;1;0;2;1;0
1278;1;1;1;0;1;0
1279;0;1;1;1;0;1
1280;0;0;0;2;1;1
1281;1;1;0;1;0;1
1282;0;1;0;2;0;1
1283;1;0;1;0;1;1
1284;2;0;2;0;0;0
1285;0;2;0;0;1;1
1286;1;0;1;0;1;1
1287;1;0;1;1;0;1
1288;1;0;0;1;2;0
1289;0;0;2;0;1;1
1290;2;2;0;0;0;0
1291;1;2;1;0;0;0
1292;1;0;0;2;1;0
1293;1;0;0;0;1;2
1294;0;0;1;1;1;1
1295;1;0;2;1;0;0
1296;3;1;0;0;0;0
1297;0;0;0;2;1;1
1298;2;1;0;0;1;0
1299;1;2;0;1;0;0
1300;1;0;2;0;1;0
1301;0;2;1;0;1;0
1302;1;1;0;1;1;0
1303;1;0;2;1;0;0
1304;0;0;1;1;1;1
1305;1;0;2;0;0;1
1306;0;2;0;0;0;2
1307;1;1;0;1;0;1
1308;1;1;0;1;1;0
1309;1;0;0;0;2;1
1310;0;0;1;1;2;0
1311;1;0;2;1;0;0
1312;1;0;1;1;0;1
1313;1;1;0;1;0;1
1314;1;2;0;0;0;1
1315;2;0;0;0;1;1
1316;1;0;1;0;2;0
1317;1;1;1;0;1;0
1318;0;1;1;1;1;0
1319;0;0;1;2;1;0
1320;2;0;0;0;1;1
1321;1;0;0;1;0;2
1322;1;0;2;0;1;0
1323;2;0;0;1;1;0
1324;0;0;1;2;1;0
1325;0;0;2;1;1;0
1326;0;0;2;0;2;0
1327;1;1;0;2;0;0
1328;0;1;1;1;1;0
1329;1;1;0;1;0;1
1330;0;0;0;1;3;0
1331;0;1;2;0;0;1
1332;0;0;2;0;0;2
1333;1;0;3;0;0;0
1334;0;1;1;2;0;0
1335;0;1;2;0;0;1
1336;0;2;0;1;1;0
1337;1;1;0;1;1;0
1338;0;0;3;1;0;0
1339;0;1;1;1;1;0
1340;0;0;2;2;0;0
1341;2;0;0;1;1;0
1342;1;1;0;1;0;1
1343;0;1;0;2;1;0
1344;1;1;1;0;1;0
1345;0;1;1;1;1;0
1346;2;0;1;1;0;0
1347;2;0;0;1;0;1
1348;0;0;2;0;0;2
1349;1;0;1;2;0;0
1350;1;1;0;0;1;1
1351;2;0;1;0;0;1
1352;0;1;1;2;0;0
1353;0;0;0;3;1;0
1354;1;2;0;1;0;0
1355;1;0;1;0;2;0
1356;0;1;1;1;0;1
1357;0;2;0;1;0;1
1358;0;1;1;0;0;2
1359;1;1;0;0;0;2
1360;1;0;2;0;1;0
1361;2;0;0;0;1;1
1362;0;0;0;1;1;2
1363;1;1;0;0;0;2
1364;0;0;1;1;0;2
1365;0;1;1;1;0;1
1366;1;0;0;0;2;1
1367;0;0;2;0;0;2
1368;2;0;0;1;1;0
1369;1;1;0;0;1;1
1370;0;1;2;0;1;0
1371;0;1;1;2;0;0
1372;0;1;1;0;1;1
1373;0;3;0;0;0;1
1374;0;1;0;0;0;3
1375;0;0;1;2;1;0
1376;3;0;1;0;0;0
1377;1;1;0;0;1;1
1378;2;1;0;1;0;0
1379;0;1;1;2;0;0
1380;0;0;1;1;1;1
1381;1;0;1;0;0;2
1382;0;2;1;0;1;0
1383;0;1;1;0;2;0
1384;0;0;3;1;0;0
1385;1;0;0;1;0;2
1386;0;0;0;3;0;1
1387;1;1;0;1;0;1
1388;0;3;0;1;0;0
1389;1;0;0;1;2;0
1390;0;1;0;1;1;1
1391;1;2;0;0;0;1
1392;0;0;2;1;1;0
1393;1;1;1;0;1;0
1394;0;1;1;1;0;1
1395;2;1;1;0;0;0
1396;0;0;0;1;1;2
1397;0;2;1;0;0;1
1398;0;0;1;1;0;2
1399;0;2;2;0;0;0
1400;0;1;0;1;2;0
1401;1;1;0;0;1;1
1402;2;0;0;1;0;1
1403;0;0;0;1;1;2
1404;0;0;0;1;2;1
1405;2;0;0;0;2;0
1406;1;2;0;1;0;0
1407;0;2;0;1;1;0
1408;1;1;0;1;1;0
1409;0;0;0;0;1;3
1410;0;1;1;0;0;2
1411;0;1;0;1;1;1
1412;0;0;0;2;0;2
1413;1;0;0;2;1;0
1414;0;0;1;2;1;0
1415;0;2;1;0;1;0
1416;0;1;1;0;1;1
1417;0;1;1;1;1;0
1418;0;0;0;0;3;1
1419;2;0;0;0;1;1
1420;1;0;0;1;0;2
1421;0;0;1;1;1;1
1422;0;1;0;2;1;0
1423;1;1;0;0;1;1
1424;1;0;1;0;1;1
1425;0;3;0;0;0;1
1426;0;1;1;1;1;0
1427;1;2;1;0;0;0
1428;0;2;1;0;1;0
1429;1;1;1;0;1;0
1430;1;1;1;0;1;0
1431;0;1;1;0;1;1
1432;0;1;1;1;0;1
1433;1;1;0;1;1;0
1434;0;1;1;0;2;0
1435;0;1;2;0;0;1
1436;0;1;1;1;1;0
1437;2;0;0;1;0;1
1438;0;1;1;2;0;0
1439;1;1;0;0;1;1
1440;0;0;2;1;1;0
1441;2;0;0;1;0;1
1442;0;3;0;0;0;1
1443;2;1;1;0;0;0
1444;1;0;0;0;1;2
1445;0;0;3;0;0;1
1446;1;2;0;0;1;0
1447;1;0;1;1;0;1
1448;2;0;0;1;1;0
1449;0;1;0;1;2;0
1450;0;0;0;2;1;1
1451;0;1;0;1;2;0
1452;1;0;1;0;0;2
1453;1;0;0;1;1;1
1454;1;0;1;1;1;0
1455;0;1;0;1;0;2
1456;2;0;1;1;0;0
1457;0;1;1;0;2;0
1458;1;0;1;0;1;1
1459;2;1;0;0;1;0
1460;2;1;0;1;0;0
1461;0;0;1;1;2;0
1462;2;0;1;0;0;1
1463;0;0;1;0;3;0
1464;0;1;1;1;0;1
1465;1;1;0;0;0;2
1466;0;1;1;1;0;1
1467;1;0;2;1;0;0
1468;1;1;0;1;0;1
1469;1;0;0;2;1;0
1470;0;0;1;1;2;0
1471;0;0;0;3;0;1
1472;1;0;2;0;1;0
1473;0;0;1;1;2;0
1474;1;0;0;0;0;3
1475;1;0;2;0;0;1
1476;2;0;0;0;1;1
1477;0;1;1;0;2;0
1478;0;0;1;1;0;2
1479;0;1;1;2;0;0
1480;0;1;2;0;1;0
1481;1;1;2;0;0;0
1482;2;0;0;1;1;0
1483;1;2;0;0;1;0
1484;2;1;0;0;0;1
1485;0;2;0;2;0;0
1486;1;0;0;2;0;1
1487;0;2;1;1;0;0
1488;0;1;0;0;0;3
1489;0;0;0;2;1;1
1490;0;2;0;0;2;0
1491;1;0;0;2;0;1
1492;1;2;1;0;0;0
1493;1;2;0;0;0;1
1494;0;1;1;1;0;1
1495;0;2;1;1;0;0
1496;1;1;0;1;0;1
1497;0;1;0;1;1;1
1498;1;0;1;1;1;0
1499;1;0;0;1;1;1
1500;1;0;1;1;1;0
